1000 2939 011
1 256 1 270 1 464 1 486 1 635 1 710 1
1 161 1 208 1 390 1 759 1 894 1 911 1 966 1
1 175 1 281 1 284 1 325 1 331 1 375 1 571 1 629 1
1 33 1 108 1 551 1 641 1
1 189 1 876 1 897 1 939 1
1 263 1 313 1 448 1 730 1
1 62 1 291 1 306 1 469 1 703 1
1 27 1 145 1 232 1 494 1 678 1 803 1
1 212 1 272 1 381 1 394 1
1 15 1 183 1 473 1 557 1
1 491 1 498 1 503 1 637 1 855 1
1 240 1 411 1 535 1 691 1 820 1
1 31 1 131 1 403 1 823 1
1 116 1 155 1 266 1 328 1 401 1 413 1 777 1 932 1 941 1
1 10 1 294 1 848 1
1 764 1
1 48 1 49 1 518 1 795 1 834 1 928 1
1 81 1 138 1 142 1 207 1 387 1
1 178 1 228 1 434 1 667 1 747 1 982 1 988 1
1 73 1 263 1 313 1 422 1 448 1 489 1 665 1
1 30 1 519 1 608 1 756 1
1 410 1 586 1
1 43 1 70 1 132 1 652 1 702 1
1 76 1 471 1 586 1 694 1 733 1 889 1
1 30 1 508 1 575 1 706 1 799 1 951 1
1 28 1 100 1 147 1 211 1 271 1 579 1 655 1 829 1 854 1
1 8 1 145 1 158 1 232 1 350 1 393 1 494 1 678 1 803 1
1 26 1 203 1 211 1 271 1 518 1 579 1 655 1 834 1 854 1 924 1
1 154 1 205 1 397 1 409 1 495 1 963 1 981 1
1 21 1 25 1 519 1 575 1 799 1 951 1
1 13 1 195 1 403 1 654 1 823 1 878 1
1 225 1 314 1 346 1 496 1 512 1 525 1 527 1 652 1 901 1
1 4 1 72 1 108 1 335 1 404 1 416 1 551 1 818 1 971 1
1 126 1 234 1 402 1 561 1 566 1 753 1 819 1
1 117 1 168 1 252 1 376 1 606 1 736 1 805 1
1 151 1 369 1 384 1 468 1 499 1 750 1 927 1 974 1
1 45 1 99 1 165 1 177 1 183 1 251 1 530 1 668 1 748 1 989 1
1 389 1 408 1 444 1 521 1 626 1 634 1 643 1 944 1
1 314 1 443 1 592 1 595 1 729 1 739 1 742 1
1 
1 378 1 568 1 950 1
1 517 1 674 1 824 1
1 23 1 70 1 132 1 532 1 652 1 686 1 702 1
1 107 1
1 37 1 165 1 177 1 186 1 300 1 668 1 685 1
1 113 1 145 1 232 1 271 1 344 1 350 1 494 1 601 1 633 1 678 1 803 1 979 1
1 188 1 305 1 425 1 490 1 839 1
1 17 1 49 1 526 1 791 1 795 1 834 1 928 1
1 17 1 48 1 389 1 408 1 444 1 607 1 634 1 643 1 791 1 834 1 928 1
1 184 1 247 1 288 1 363 1 840 1 942 1 968 1
1 123 1 321 1 467 1 731 1 783 1 862 1
1 801 1
1 193 1 383 1 462 1 767 1 778 1 830 1
1 84 1 203 1 596 1 696 1 917 1 920 1
1 203 1 518 1 615 1 762 1 924 1
1 81 1 111 1 142 1 148 1 311 1 358 1 609 1 693 1 902 1 953 1
1 151 1 442 1 886 1 974 1
1 72 1 216 1 404 1 405 1 445 1 489 1 622 1 665 1 697 1 827 1 858 1 971 1
1 85 1 157 1 307 1 368 1 433 1 539 1 772 1 967 1
1 119 1 263 1 313 1 448 1
1 387 1 908 1
1 7 1 306 1 618 1 703 1
1 183 1 240 1 286 1 429 1 691 1 707 1 751 1
1 276 1 482 1 572 1 670 1 883 1
1 682 1 839 1 990 1
1 152 1 248 1 522 1 581 1 631 1 812 1 922 1
1 753 1 797 1
1 113 1 219 1 453 1 457 1
1 162 1 199 1 320 1
1 23 1 43 1 132 1 485 1 702 1
1 195 1 492 1 734 1 864 1
1 33 1 58 1 216 1 313 1 404 1 416 1 539 1 562 1 665 1 693 1 697 1 719 1 761 1 817 1 858 1 863 1 971 1 982 1
1 20 1 422 1 613 1 665 1 960 1
1 101 1 310 1 531 1 859 1 975 1
1 134 1 469 1 686 1
1 24 1 145 1 350 1 355 1 471 1 586 1 678 1 694 1 733 1
1 290 1 357 1 826 1 833 1 874 1 965 1 969 1
1 185 1
1 334 1 470 1 485 1 558 1 600 1
1 189 1 214 1 238 1 447 1 863 1 876 1 897 1
1 18 1 56 1 138 1 142 1 201 1 207 1 311 1 387 1 693 1 902 1
1 948 1
1 365 1 599 1 676 1 718 1 796 1
1 54 1 173 1 184 1 203 1 417 1 596 1 696 1 758 1 917 1
1 59 1 157 1 180 1 307 1 440 1 539 1 548 1 798 1
1 114 1 256 1 486 1 570 1 776 1 898 1 944 1
1 221 1 638 1 781 1 966 1
1 230 1 628 1 650 1 722 1 749 1 782 1 792 1 936 1 970 1 980 1
1 167 1 423 1 715 1 723 1 845 1
1 94 1 398 1 404 1 564 1 719 1 761 1
1 218 1 357 1 603 1 826 1 842 1 852 1
1 265 1 607 1 675 1 711 1 765 1
1 97 1 168 1 359 1 380 1 415 1 430 1 565 1 606 1 805 1 817 1
1 90 1 398 1 404 1 699 1 719 1 761 1 863 1
1 646 1 700 1 897 1 931 1 939 1
1 192 1 455 1 752 1 860 1 952 1
1 93 1 380 1 415 1 430 1 515 1 828 1
1 481 1 621 1 766 1
1 37 1 122 1 165 1 300 1 487 1 530 1 668 1 732 1 867 1 880 1 930 1 989 1
1 26 1 147 1 185 1 271 1 579 1 655 1 675 1
1 74 1 310 1 463 1 975 1
1 209 1 243 1 302 1 379 1 414 1 749 1 792 1 954 1
1 269 1 362 1 544 1 774 1
1 356 1 492 1 700 1 727 1 862 1 863 1 876 1
1 176 1 361 1 679 1 945 1
1 285 1 597 1 611 1 674 1 694 1 824 1 892 1 915 1
1 44 1
1 4 1 33 1 335 1 551 1 818 1
1 273 1
1 135 1 337 1 422 1 424 1 573 1 607 1 665 1 725 1
1 56 1 148 1 279 1 312 1 358 1 480 1 623 1 693 1
1 562 1 574 1 768 1 785 1
1 46 1 68 1 219 1 457 1 465 1 542 1 591 1 683 1 721 1 810 1 929 1
1 86 1 396 1 516 1 570 1 776 1 898 1
1 127 1 420 1 656 1
1 14 1 328 1 413 1 490 1 777 1 869 1 941 1
1 35 1 252 1 376 1 428 1 437 1 529 1 724 1
1 473 1 620 1 653 1 661 1 976 1
1 60 1 313 1 448 1 730 1
1 192 1 752 1
1 815 1
1 99 1 177 1 324 1 487 1 847 1 880 1 930 1
1 51 1 182 1 214 1 289 1 467 1 495 1 614 1 727 1 731 1 862 1
1 127 1 420 1 656 1
1 291 1 301 1 329 1 469 1 906 1
1 34 1 202 1 402 1 561 1 566 1 745 1 819 1
1 115 1 124 1 420 1 656 1
1 450 1 455 1 694 1 737 1 889 1 940 1 952 1
1 144 1 178 1 792 1 970 1 980 1 988 1
1 563 1 679 1
1 13 1 200 1 403 1 614 1 823 1
1 23 1 43 1 70 1 485 1 558 1 735 1 895 1 913 1
1 141 1 152 1 172 1 581 1 631 1 922 1 959 1 1000 1
1 75 1 686 1
1 110 1 345 1 507 1 725 1
1 524 1 552 1 684 1 723 1
1 153 1 176 1 278 1 348 1 945 1 977 1
1 18 1 81 1 142 1 207 1
1 255 1 515 1
1 475 1 612 1
1 133 1 172 1 351 1 581 1 631 1 698 1 1000 1
1 18 1 56 1 81 1 138 1 148 1 207 1 953 1
1 220 1 681 1 687 1 728 1 802 1 881 1
1 129 1 550 1 616 1
1 8 1 27 1 46 1 76 1 158 1 232 1 344 1 350 1 355 1 494 1 547 1 601 1 633 1 678 1 803 1
1 319 1 500 1 887 1
1 26 1 100 1 211 1 271 1 579 1 655 1 829 1
1 56 1 111 1 142 1 312 1 358 1 480 1
1 277 1 318 1 610 1
1 171 1 272 1 993 1
1 36 1 57 1 215 1 369 1 384 1 468 1 927 1 974 1
1 66 1 133 1 172 1 581 1 591 1 631 1 698 1 1000 1
1 137 1 278 1 348 1 361 1 366 1 459 1 617 1 977 1
1 29 1 205 1 287 1 293 1 330 1 397 1 671 1 919 1
1 14 1 266 1 328 1 401 1 413 1 777 1 932 1 941 1
1 201 1 458 1
1 59 1 85 1 307 1 368 1 539 1 772 1 967 1
1 27 1 145 1 232 1 350 1 494 1 633 1 678 1 803 1
1 169 1 326 1 978 1 995 1
1 422 1 442 1 489 1 537 1 622 1 665 1 724 1 793 1 886 1
1 2 1 390 1 759 1 779 1
1 69 1
1 214 1 253 1 937 1
1 
1 37 1 45 1 99 1 183 1 186 1 224 1 294 1 300 1 405 1 530 1 627 1 668 1 685 1 989 1
1 315 1 327 1 333 1 374 1 392 1 454 1 504 1 830 1
1 89 1 364 1 563 1 723 1 925 1 1000 1
1 35 1 93 1 252 1 376 1 565 1 606 1 736 1 805 1 817 1
1 159 1 567 1 995 1
1 
1 150 1 426 1 501 1 513 1 726 1
1 133 1 141 1 152 1 351 1 361 1 513 1 581 1 631 1 1000 1
1 84 1 417 1 596 1 758 1 788 1 917 1
1 244 1 283 1 377 1 386 1 561 1 745 1
1 3 1 325 1 331 1 375 1 571 1 629 1
1 105 1 137 1 278 1 348 1 361 1 945 1
1 37 1 45 1 122 1 324 1 880 1
1 19 1 129 1 747 1 982 1 988 1
1 229 1 260 1 357 1 562 1 768 1 935 1 988 1
1 85 1 440 1 539 1 548 1 602 1 611 1 798 1 815 1 841 1 904 1
1 311 1 358 1 466 1 502 1 609 1 649 1 693 1 695 1 902 1 953 1
1 123 1 467 1 495 1 809 1
1 10 1 37 1 63 1 165 1 411 1 506 1 535 1 557 1 627 1 645 1 818 1 957 1
1 50 1 84 1 247 1 417 1 596 1 758 1 917 1
1 78 1 100 1 271 1
1 45 1 165 1 300 1 530 1 668 1 685 1 732 1 867 1
1 284 1 343 1 546 1 587 1
1 47 1 199 1 305 1 425 1 839 1
1 5 1 80 1 298 1 336 1 619 1 700 1 719 1 750 1 755 1 761 1 773 1 863 1 876 1
1 279 1 312 1 395 1 623 1 973 1
1 359 1 380 1 441 1 477 1 538 1
1 96 1 120 1 246 1 455 1 694 1 737 1 752 1 860 1
1 53 1 383 1 767 1 778 1 830 1
1 407 1 442 1 613 1 960 1
1 31 1 71 1 492 1 823 1
1 563 1 704 1 861 1 998 1
1 353 1 740 1 786 1 910 1
1 209 1 228 1 434 1 474 1 667 1 768 1
1 69 1 188 1 292 1 305 1 320 1 536 1 553 1 916 1 962 1
1 131 1 495 1
1 81 1 156 1 311 1 458 1 693 1 811 1 902 1 908 1 934 1
1 126 1 233 1 386 1 402 1 421 1 745 1 899 1
1 28 1 54 1 55 1 84 1 211 1 271 1 579 1 596 1 615 1 696 1
1 338 1 984 1
1 29 1 154 1 287 1 330 1 396 1 397 1 652 1 671 1 812 1 878 1 919 1 958 1
1 
1 18 1 81 1 138 1 142 1 811 1 908 1
1 2 1 759 1 911 1 966 1
1 102 1 198 1 243 1 302 1 474 1 667 1 919 1 954 1
1 929 1
1 26 1 28 1 147 1 203 1 271 1 408 1 579 1 634 1 655 1 829 1 854 1 924 1
1 9 1 272 1 381 1 394 1
1 317 1 354 1 452 1 503 1 632 1
1 80 1 123 1 163 1 253 1 727 1 862 1 863 1
1 151 1 369 1 384 1 399 1 407 1 412 1 468 1 677 1 760 1 884 1
1 58 1 72 1 405 1 416 1 697 1 858 1 971 1
1 288 1 295 1 417 1 757 1 788 1 840 1 983 1
1 91 1 290 1 357 1 826 1 965 1
1 68 1 113 1 453 1 457 1 810 1
1 143 1 681 1 687 1 728 1 802 1 881 1
1 87 1 517 1 781 1 894 1
1 349 1 744 1
1 463 1 814 1
1 165 1 530 1 627 1 645 1 668 1
1 32 1 226 1 242 1 268 1 288 1 512 1 837 1 901 1 997 1
1 225 1 314 1 436 1 512 1 527 1 542 1 591 1 595 1 721 1 738 1 771 1 901 1
1 465 1 542 1 591 1 721 1
1 19 1 198 1 667 1 747 1 785 1 982 1 988 1
1 179 1
1 88 1 260 1 628 1 650 1 749 1 782 1 792 1 936 1 970 1 980 1
1 604 1 692 1 838 1
1 8 1 27 1 46 1 145 1 158 1 344 1 350 1 393 1 494 1 601 1 678 1 803 1
1 202 1 257 1 421 1 475 1 497 1 899 1
1 34 1 566 1 753 1
1 317 1 383 1
1 604 1 692 1 772 1 787 1
1 498 1 666 1 816 1 855 1 972 1
1 80 1 253 1 447 1 863 1
1 289 1 323 1 493 1 578 1 644 1
1 12 1 63 1 286 1 691 1 820 1
1 352 1 479 1 808 1
1 225 1 268 1 831 1 837 1 901 1 997 1
1 102 1 209 1 302 1 379 1 414 1 749 1 954 1
1 174 1 372 1 377 1 386 1 428 1 437 1
1 345 1 515 1 828 1
1 192 1 247 1 288 1 363 1 378 1 418 1 545 1 752 1 860 1 942 1 968 1
1 50 1 184 1 246 1 288 1 363 1 596 1 678 1 968 1
1 66 1 347 1 522 1 581 1 922 1
1 371 1 456 1 483 1 510 1 523 1 588 1 866 1 891 1 963 1
1 449 1 514 1 531 1 630 1 673 1 885 1
1 37 1 620 1 647 1 748 1 822 1 848 1 879 1
1 35 1 117 1 168 1 376 1 606 1 736 1 805 1 817 1
1 163 1 214 1 238 1 863 1 937 1
1 585 1
1 139 1 515 1 651 1
1 1 1 86 1 464 1 486 1 710 1 776 1 898 1 944 1
1 233 1 421 1 475 1 497 1 899 1
1 436 1 771 1
1 262 1 281 1 332 1 476 1 526 1 585 1 634 1 934 1 987 1
1 179 1 230 1 357 1 562 1 768 1 935 1
1 337 1 424 1 511 1 607 1 663 1 675 1 690 1 711 1 769 1 836 1
1 259 1 332 1 476 1 593 1
1 6 1 20 1 60 1 313 1 422 1 448 1 489 1 665 1
1 311 1 466 1 609 1 693 1 695 1 850 1 902 1
1 92 1 675 1 711 1 765 1 784 1
1 14 1 155 1 328 1 401 1 413 1 777 1 932 1 941 1
1 718 1 882 1 888 1
1 225 1 242 1 837 1 997 1
1 103 1 362 1 544 1 774 1
1 1 1 486 1 635 1 740 1 784 1
1 26 1 28 1 46 1 100 1 147 1 185 1 203 1 211 1 579 1 655 1 829 1
1 9 1 150 1 212 1 381 1
1 109 1
1 460 1 770 1 832 1 851 1
1 360 1 461 1 590 1
1 64 1 344 1 482 1 670 1
1 149 1 318 1 610 1
1 137 1 153 1 176 1 348 1 945 1 977 1
1 111 1 190 1 312 1 358 1 395 1 480 1 623 1
1 
1 3 1 259 1 284 1 343 1 560 1 808 1 956 1
1 389 1 408 1 444 1 634 1 643 1 791 1 834 1 928 1
1 174 1 561 1 745 1 778 1 819 1
1 3 1 187 1 281 1 343 1 571 1 572 1 587 1 883 1 979 1
1 106 1 536 1 597 1 611 1 904 1 915 1
1 63 1 240 1 691 1
1 154 1 205 1 671 1
1 50 1 217 1 225 1 246 1 247 1 295 1 417 1 596 1 758 1 788 1 840 1 983 1
1 123 1 239 1 467 1 495 1 562 1 644 1 731 1 783 1
1 77 1 218 1 357 1 826 1 833 1 965 1
1 7 1 125 1 306 1 329 1 469 1 906 1
1 199 1 305 1 320 1 553 1 673 1 916 1 962 1
1 154 1 316 1 330 1 432 1 522 1 671 1 812 1 919 1
1 15 1 165 1 685 1
1 217 1 288 1 757 1 788 1 840 1 952 1 983 1
1 299 1 709 1 978 1 995 1
1 355 1 549 1 601 1 794 1 961 1
1 189 1 336 1 438 1 619 1 755 1 923 1
1 296 1 400 1 513 1 541 1 709 1 978 1
1 45 1 99 1 165 1 186 1 530 1 668 1 732 1 867 1
1 125 1 329 1 650 1 782 1 906 1 936 1
1 102 1 209 1 243 1 414 1 474 1 935 1 954 1
1 484 1 511 1 642 1 663 1 769 1
1 308 1 540 1 547 1 598 1 890 1 992 1
1 47 1 188 1 199 1 292 1 310 1 489 1 548 1 601 1 602 1 630 1 673 1 904 1 916 1
1 7 1 62 1 291 1 469 1
1 59 1 85 1 157 1 539 1 787 1
1 304 1 343 1 479 1 540 1 547 1 559 1 762 1 808 1 905 1 992 1
1 435 1 775 1
1 74 1 101 1 305 1 463 1 531 1 630 1 975 1
1 56 1 81 1 181 1 201 1 264 1 408 1 466 1 496 1 502 1 649 1 693 1 695 1 863 1 902 1 953 1 970 1
1 111 1 148 1 190 1 279 1 480 1 623 1 973 1
1 6 1 20 1 60 1 72 1 119 1 263 1 405 1 422 1 448 1 489 1 554 1 665 1 730 1 807 1 971 1
1 32 1 39 1 226 1 346 1 527 1 591 1 592 1 595 1 652 1 729 1 739 1 742 1
1 166 1 333 1 374 1 392 1 454 1 504 1 767 1 830 1
1 293 1 330 1 671 1 812 1
1 213 1 235 1 354 1 504 1 830 1
1 149 1 277 1 610 1 938 1
1 146 1 500 1 887 1
1 69 1 199 1 292 1 536 1 916 1 962 1
1 51 1 335 1 641 1 783 1
1 640 1 857 1 907 1
1 239 1 493 1 578 1 644 1 903 1
1 122 1 177 1 487 1 847 1 880 1 930 1
1 3 1 175 1 375 1 571 1 629 1
1 159 1
1 166 1 341 1 374 1
1 14 1 116 1 155 1 266 1 413 1 777 1 941 1
1 125 1 291 1 301 1 469 1 782 1 906 1
1 154 1 205 1 293 1 316 1 522 1 671 1 711 1 812 1 919 1
1 3 1 175 1 375 1 431 1 533 1 629 1
1 259 1 262 1 476 1 526 1
1 166 1 315 1 374 1 392 1 454 1 491 1 504 1
1 79 1 470 1 485 1 600 1 703 1 853 1
1 33 1 108 1 321 1 551 1 818 1 937 1
1 189 1 298 1 438 1 619 1 750 1 755 1 923 1
1 110 1 261 1 396 1 424 1 511 1 607 1 675 1 690 1 711 1 740 1 836 1
1 204 1 543 1
1 637 1 689 1
1 388 1 412 1 636 1 680 1
1 327 1 374 1 830 1 985 1
1 701 1 708 1 716 1
1 187 1 281 1 284 1 308 1 479 1 546 1 559 1 808 1 905 1 956 1
1 46 1 145 1 232 1 276 1 350 1 633 1 678 1 883 1 979 1
1 135 1 245 1 484 1 511 1 769 1
1 32 1 314 1 496 1 512 1 525 1 527 1 532 1 592 1 652 1 659 1 742 1 901 1
1 248 1 427 1 846 1 861 1 922 1 959 1
1 137 1 153 1 176 1 278 1 945 1 977 1
1 222 1 744 1 849 1
1 27 1 46 1 76 1 145 1 158 1 232 1 344 1 355 1 494 1 633 1 678 1 737 1 803 1 961 1
1 141 1 172 1 492 1 698 1
1 241 1
1 197 1 635 1 740 1 786 1
1 213 1 317 1 503 1 632 1
1 76 1 145 1 297 1 350 1 549 1 601 1 678 1 694 1 940 1 961 1
1 104 1 447 1
1 77 1 91 1 179 1 218 1 260 1 290 1 826 1 965 1
1 56 1 111 1 148 1 181 1 279 1 609 1 623 1 693 1 953 1
1 93 1 191 1 380 1 396 1 415 1 441 1 477 1 538 1 565 1 724 1 800 1
1 275 1 461 1 590 1 946 1
1 105 1 153 1 172 1 176 1 492 1 576 1 698 1 1000 1
1 103 1 269 1 774 1 813 1
1 50 1 246 1 247 1 418 1 545 1 942 1 968 1
1 167 1
1 83 1 599 1 676 1 680 1 796 1 877 1
1 153 1 459 1 617 1 977 1
1 481 1 664 1
1 59 1 157 1 433 1 539 1 967 1
1 36 1 151 1 215 1 384 1 399 1 412 1 468 1 624 1 677 1 750 1 927 1
1 583 1
1 249 1 456 1 483 1 510 1 523 1 665 1 871 1 891 1
1 244 1 386 1 421 1 437 1 711 1
1 501 1 513 1 541 1 726 1 991 1
1 166 1 315 1 327 1 333 1 341 1 454 1
1 3 1 175 1 325 1 331 1 571 1 629 1
1 35 1 117 1 168 1 252 1 651 1 713 1 724 1 736 1 805 1
1 174 1 244 1 386 1 428 1 437 1 505 1
1 41 1 246 1 418 1 545 1 568 1 752 1 860 1
1 102 1 243 1 414 1 749 1 792 1 954 1
1 93 1 97 1 191 1 359 1 396 1 415 1 430 1 441 1 642 1 724 1 769 1 800 1
1 9 1 212 1 272 1 394 1
1 496 1 850 1
1 53 1 193 1 235 1
1 36 1 151 1 215 1 369 1 399 1 412 1 468 1 624 1 675 1 677 1 927 1
1 619 1 669 1 999 1
1 174 1 202 1 244 1 372 1 377 1 437 1 505 1 529 1 745 1
1 18 1 61 1 81 1
1 340 1 636 1 705 1 720 1 888 1
1 38 1 49 1 282 1 408 1 634 1 643 1 944 1
1 2 1 161 1 779 1
1 706 1 996 1
1 166 1 315 1 333 1 454 1 504 1 767 1 830 1
1 27 1 232 1 494 1 803 1
1 9 1 212 1 381 1 735 1 895 1 913 1
1 190 1 279 1 623 1 856 1 973 1
1 114 1 205 1 337 1 359 1 380 1 408 1 464 1 486 1 516 1 634 1 670 1 710 1 740 1 776 1 806 1 898 1
1 29 1 154 1 205 1 409 1 963 1 981 1
1 90 1 94 1 404 1 564 1 717 1 719 1 761 1
1 215 1 369 1 384 1 412 1 468 1 624 1 677 1 870 1 884 1
1 299 1 765 1
1 14 1 155 1 266 1 488 1 865 1 932 1 941 1
1 34 1 126 1 202 1 566 1 819 1 949 1
1 13 1 31 1 131 1 654 1 823 1 878 1 919 1
1 33 1 58 1 72 1 90 1 94 1 398 1 564 1 717 1 719 1 761 1 818 1 863 1 873 1
1 58 1 165 1 216 1 313 1 422 1 489 1 665 1 677 1 697 1 719 1 761 1 858 1 988 1
1 723 1 925 1
1 194 1 215 1 422 1 442 1 760 1
1 38 1 49 1 211 1 282 1 311 1 389 1 396 1 444 1 521 1 626 1 634 1 643 1 740 1 944 1 948 1 987 1
1 29 1 397 1 866 1 963 1 981 1
1 22 1 586 1 733 1
1 12 1 183 1 506 1 535 1 557 1 627 1 820 1 957 1
1 215 1 340 1 369 1 384 1 399 1 434 1 624 1 677 1 750 1 884 1
1 14 1 116 1 155 1 266 1 328 1 777 1 932 1 941 1
1 102 1 243 1 302 1 379 1 749 1 954 1
1 93 1 97 1 359 1 380 1 430 1 642 1 817 1
1 33 1 72 1 216 1 858 1 971 1
1 84 1 173 1 184 1 217 1 288 1 596 1 758 1 788 1 840 1 917 1 983 1
1 246 1 363 1 378 1 545 1 752 1 860 1 942 1 968 1
1 432 1 522 1 580 1
1 115 1 124 1 127 1 677 1
1 202 1 233 1 257 1 372 1 899 1
1 20 1 73 1 110 1 160 1 263 1 313 1 405 1 407 1 442 1 489 1 537 1 665 1 761 1 793 1 886 1 960 1
1 89 1 763 1 857 1 872 1 946 1
1 110 1 261 1 337 1 511 1 607 1 675 1 690 1 711 1 836 1
1 47 1 188 1 490 1 839 1 990 1
1 171 1 947 1
1 347 1 580 1 846 1 861 1 959 1
1 117 1 244 1 377 1 437 1 505 1
1 63 1 707 1 751 1 875 1
1 93 1 97 1 380 1 415 1 515 1 828 1
1 331 1 533 1 844 1 893 1
1 293 1 419 1 522 1 812 1
1 59 1 368 1 967 1
1 19 1 198 1 412 1 474 1 667 1 768 1 792 1 954 1 980 1 982 1 988 1
1 309 1 660 1 775 1
1 226 1 258 1 771 1
1 117 1 244 1 372 1 377 1 386 1 428 1 505 1 529 1 724 1
1 298 1 336 1 619 1 755 1 923 1
1 452 1 478 1
1 85 1 180 1 548 1 602 1 673 1 798 1 815 1 841 1 904 1 916 1
1 191 1 359 1 380 1 477 1 478 1 538 1 565 1 606 1 724 1 800 1
1 57 1 160 1 194 1 407 1 422 1 793 1 886 1
1 39 1 591 1 688 1 729 1 743 1
1 38 1 49 1 282 1 408 1 521 1 626 1 634 1 643 1 791 1 928 1
1 58 1 622 1 697 1 827 1 858 1
1 534 1 741 1
1 80 1 238 1 356 1 897 1
1 6 1 20 1 60 1 119 1 263 1 313 1 730 1 982 1
1 250 1 514 1 531 1 630 1 804 1 859 1 885 1
1 128 1 455 1 694 1 737 1 889 1 940 1 952 1
1 640 1 772 1 845 1 907 1
1 213 1 439 1 632 1
1 68 1 219 1 457 1 683 1 810 1 929 1
1 166 1 315 1 333 1 374 1 392 1 504 1 767 1 830 1
1 96 1 128 1 192 1 450 1 737 1 940 1 952 1
1 249 1 371 1 510 1 523 1 891 1
1 68 1 113 1 219 1 453 1 465 1 542 1 810 1
1 156 1 201 1 625 1
1 153 1 366 1 617 1 977 1
1 274 1 770 1 832 1 851 1 943 1
1 275 1 360 1 590 1 669 1
1 53 1 594 1
1 101 1 223 1 310 1 531 1 814 1 975 1
1 1 1 256 1 396 1 486 1 516 1 570 1 710 1
1 113 1 227 1 457 1 542 1 721 1
1 181 1 264 1 311 1 609 1 693 1 695 1 850 1
1 51 1 123 1 182 1 289 1 731 1 783 1 809 1
1 36 1 151 1 215 1 369 1 384 1 399 1 677 1 927 1 974 1
1 7 1 75 1 125 1 291 1 306 1 329 1 782 1 906 1
1 79 1 334 1 567 1 703 1 853 1
1 24 1 76 1 586 1 733 1
1 967 1
1 10 1 118 1 620 1 653 1 661 1 707 1 976 1 996 1
1 198 1 209 1 302 1 434 1 667 1 768 1 954 1
1 140 1 233 1 257 1 497 1 612 1 986 1
1 259 1 262 1 332 1
1 191 1 359 1 441 1 538 1
1 439 1 441 1 800 1
1 241 1 308 1 343 1 808 1 905 1
1 111 1 148 1 279 1 312 1
1 98 1 367 1 621 1 766 1
1 64 1 276 1 670 1 883 1
1 249 1 371 1 510 1 523 1 588 1 866 1 871 1 891 1
1 303 1 345 1 663 1 769 1
1 70 1 79 1 132 1 334 1 558 1 600 1 994 1
1 1 1 86 1 256 1 270 1 396 1 464 1 570 1 710 1 740 1
1 99 1 122 1 324 1 847 1 880 1 930 1
1 401 1 865 1 932 1
1 20 1 58 1 160 1 263 1 305 1 313 1 405 1 422 1 511 1 537 1 622 1 665 1 719 1 761 1 793 1 803 1 971 1
1 47 1 116 1 425 1 990 1
1 11 1 333 1 504 1 637 1
1 71 1 104 1 195 1 351 1 361 1 576 1 698 1 878 1 919 1 1000 1
1 239 1 323 1 644 1
1 8 1 27 1 46 1 145 1 158 1 232 1 350 1 393 1 633 1 678 1 803 1
1 29 1 123 1 182 1 200 1 289 1 644 1 731 1 809 1 862 1 871 1
1 32 1 311 1 346 1 382 1 512 1 532 1 592 1 652 1 659 1 693 1 742 1 856 1
1 233 1 257 1 475 1
1 11 1 237 1 504 1 512 1 637 1 666 1 689 1 816 1 855 1 972 1
1 36 1 750 1 896 1 927 1 974 1
1 146 1 319 1 887 1
1 171 1 373 1 513 1 711 1 740 1 948 1 991 1
1 181 1 311 1 625 1 649 1 693 1 902 1 953 1
1 11 1 213 1 354 1
1 166 1 315 1 317 1 333 1 392 1 454 1 491 1 498 1 767 1 830 1
1 377 1 386 1 428 1 437 1 745 1
1 183 1 411 1 535 1 557 1 627 1 645 1 820 1 957 1
1 135 1 573 1 725 1
1 25 1 706 1 799 1 911 1 955 1
1 
1 249 1 371 1 456 1 483 1 523 1 588 1 871 1 891 1
1 261 1 303 1 337 1 345 1 424 1 489 1 663 1 710 1 769 1
1 32 1 225 1 226 1 346 1 496 1 498 1 525 1 527 1 530 1 592 1 595 1 721 1 742 1 835 1 901 1
1 171 1 172 1 299 1 373 1 501 1 726 1 991 1
1 250 1 449 1 804 1 885 1
1 97 1 139 1 245 1 255 1 430 1 828 1
1 114 1 396 1 464 1 570 1 710 1 776 1 806 1 898 1
1 42 1 221 1 746 1 894 1
1 17 1 28 1 55 1 795 1 924 1
1 21 1 30 1 701 1 756 1
1 608 1 682 1
1 38 1 408 1 444 1 626 1 634 1 643 1
1 66 1 248 1 293 1 330 1 419 1 432 1 812 1
1 249 1 371 1 456 1 483 1 510 1 588 1 866 1 891 1
1 136 1
1 32 1 346 1 512 1 527 1 652 1
1 48 1 259 1 332 1 585 1 634 1 791 1 987 1
1 32 1 226 1 314 1 346 1 512 1 525 1 591 1 592 1 595 1 652 1 698 1 729 1 739 1 742 1 901 1
1 657 1 683 1 912 1
1 117 1 386 1 437 1 651 1
1 37 1 99 1 165 1 186 1 224 1 300 1 512 1 668 1 867 1 989 1
1 74 1 250 1 310 1 449 1 463 1 630 1 975 1
1 43 1 346 1 496 1 652 1 659 1
1 331 1 431 1 844 1 893 1
1 446 1 741 1
1 12 1 183 1 411 1 506 1 557 1 627 1 820 1 957 1
1 199 1 285 1 320 1 602 1 611 1 904 1 916 1 962 1
1 160 1 422 1 489 1 665 1 793 1
1 191 1 359 1 441 1 477 1
1 59 1 72 1 85 1 157 1 180 1 307 1 368 1 548 1 602 1
1 304 1 308 1 762 1 808 1 905 1
1 299 1 373 1 709 1 726 1 978 1
1 113 1 226 1 227 1 457 1 465 1 591 1 595 1 721 1
1 338 1 775 1
1 103 1 269 1 950 1
1 246 1 363 1 378 1 418 1 860 1 942 1 968 1
1 187 1 343 1 559 1 587 1 992 1
1 145 1 304 1 308 1 549 1 598 1 890 1 905 1 961 1 992 1
1 85 1 180 1 305 1 440 1 539 1 602 1 611 1 673 1 841 1 858 1 904 1 916 1
1 297 1 355 1 547 1 601 1 794 1 961 1 979 1
1 144 1 807 1 933 1
1 4 1 33 1 108 1 335 1 641 1
1 136 1 684 1 744 1 763 1 845 1 849 1
1 199 1 292 1 630 1 673 1 916 1 962 1
1 313 1 584 1 807 1 933 1
1 868 1
1 569 1 650 1 780 1 790 1 914 1 936 1
1 10 1 183 1 411 1 506 1 535 1 627 1
1 79 1 132 1 485 1 600 1 895 1 994 1
1 308 1 343 1 546 1 808 1 905 1 992 1
1 281 1 956 1
1 34 1 126 1 174 1 283 1 745 1 819 1
1 72 1 112 1 179 1 260 1 289 1 574 1 731 1 768 1 785 1 862 1 971 1 988 1
1 130 1 167 1 196 1 704 1 861 1 959 1 1000 1
1 90 1 398 1 404 1 699 1 719 1 761 1 961 1
1 93 1 168 1 359 1 441 1 606 1 736 1 800 1 805 1 817 1
1 34 1 126 1 234 1 402 1 753 1 819 1 949 1
1 169 1 470 1 807 1
1 41 1 378 1 752 1
1 556 1 650 1 672 1 780 1 874 1 914 1 936 1
1 86 1 114 1 464 1 486 1 516 1 710 1 776 1 806 1 898 1
1 3 1 175 1 284 1 325 1 375 1 572 1 670 1
1 64 1 284 1 571 1 587 1 883 1 979 1
1 110 1 507 1 725 1
1 112 1 562 1 578 1
1 25 1 30 1 799 1 951 1
1 361 1 492 1 698 1 734 1 864 1
1 856 1
1 239 1 323 1 574 1 644 1 903 1
1 26 1 28 1 100 1 147 1 203 1 211 1 271 1 655 1 829 1 854 1
1 419 1 427 1
1 66 1 133 1 141 1 152 1 172 1 248 1 631 1 922 1 1000 1
1 648 1
1 370 1 657 1
1 554 1 789 1 807 1 933 1
1 254 1 259 1 526 1 987 1
1 22 1 24 1 76 1 410 1 471 1 694 1 733 1
1 187 1 284 1 546 1 572 1 883 1 979 1
1 249 1 483 1 510 1 523 1 866 1 871 1 891 1
1 592 1 650 1 662 1 688 1 721 1 729 1 742 1 743 1 929 1 936 1
1 275 1 360 1 461 1
1 113 1 152 1 226 1 227 1 314 1 443 1 527 1 542 1 592 1 595 1 609 1 721 1 739 1 743 1
1 39 1 314 1 346 1 496 1 512 1 527 1 589 1 591 1 595 1 623 1 650 1 652 1 665 1 721 1 729 1 737 1 739 1 742 1
1 262 1 943 1
1 462 1
1 39 1 226 1 314 1 512 1 527 1 542 1 591 1 592 1 721 1 729 1 738 1 739 1 742 1
1 54 1 84 1 173 1 184 1 203 1 247 1 288 1 417 1 696 1 758 1 917 1 920 1
1 106 1 285 1 611 1 674 1 824 1 892 1 904 1 915 1
1 304 1 547 1 890 1 992 1
1 83 1 365 1 676 1 796 1 877 1
1 79 1 334 1 485 1 558 1 994 1
1 46 1 145 1 232 1 297 1 305 1 355 1 549 1 678 1 694 1 737 1 794 1 961 1 979 1
1 180 1 305 1 440 1 536 1 539 1 548 1 611 1 673 1 904 1 916 1 962 1
1 91 1 605 1 842 1 852 1
1 231 1 236 1 692 1 787 1 838 1
1 603 1 842 1 852 1
1 35 1 93 1 168 1 252 1 441 1 565 1 736 1 800 1 805 1 817 1 838 1
1 49 1 92 1 110 1 261 1 337 1 424 1 675 1 711 1 836 1
1 21 1 520 1
1 56 1 181 1 264 1 358 1 466 1 591 1 649 1 693 1 695 1 902 1
1 149 1 277 1 318 1 938 1
1 106 1 180 1 285 1 536 1 548 1 597 1 602 1 824 1 904 1 916 1
1 140 1 475 1 986 1
1 73 1 194 1 960 1
1 123 1 131 1 727 1 843 1
1 55 1 203 1 924 1
1 144 1 789 1 933 1
1 153 1 366 1 459 1 977 1
1 62 1 970 1
1 189 1 298 1 336 1 385 1 438 1 755 1 923 1
1 118 1 251 1 473 1 707 1 996 1
1 98 1 481 1 766 1
1 58 1 160 1 445 1 489 1 697 1 793 1 827 1
1 111 1 190 1 279 1 312 1 358 1 395 1 592 1 973 1
1 369 1 384 1 399 1 412 1 677 1 884 1
1 458 1 502 1
1 38 1 408 1 444 1 521 1 634 1
1 165 1 183 1 224 1 411 1 506 1 535 1 557 1 645 1 957 1
1 88 1 230 1 722 1 782 1
1 3 1 175 1 325 1 331 1 375 1
1 250 1 305 1 310 1 449 1 531 1 553 1 673 1
1 66 1 133 1 141 1 152 1 172 1 581 1 698 1 1000 1
1 213 1 354 1 452 1
1 46 1 145 1 158 1 344 1 350 1 494 1 678 1
1 38 1 49 1 211 1 259 1 282 1 389 1 396 1 408 1 444 1 521 1 526 1 626 1 643 1 740 1 948 1 987 1
1 1 1 270 1 353 1 740 1 784 1 786 1
1 340 1 388 1 680 1
1 11 1 339 1 491 1 498 1 689 1
1 87 1 966 1
1 824 1 892 1 915 1
1 322 1 451 1 845 1 857 1 907 1
1 4 1 321 1 551 1 783 1
1 303 1 380 1 415 1 769 1
1 38 1 49 1 282 1 389 1 408 1 444 1 521 1 634 1 928 1 944 1
1 239 1 289 1 323 1 493 1 495 1 578 1 731 1
1 183 1 224 1 506 1 627 1 957 1
1 95 1 700 1 931 1
1 251 1 748 1 848 1 879 1 996 1
1 582 1
1 181 1 311 1 502 1 609 1 693 1 902 1 953 1
1 88 1 230 1 301 1 556 1 569 1 589 1 592 1 782 1 790 1 874 1 914 1 936 1
1 255 1 376 1 529 1 713 1 724 1
1 23 1 32 1 43 1 205 1 314 1 346 1 496 1 525 1 527 1 532 1 592 1 659 1 742 1
1 118 1 473 1 661 1 707 1 976 1
1 31 1 403 1 714 1 878 1 958 1
1 26 1 28 1 100 1 147 1 211 1 271 1 579 1 829 1 854 1
1 115 1 124 1 127 1
1 528 1 583 1 912 1
1 712 1 754 1 875 1 964 1
1 346 1 496 1 532 1 652 1
1 435 1 775 1
1 118 1 473 1 653 1 707 1 976 1
1 589 1 688 1 743 1
1 261 1 303 1 484 1 511 1 769 1
1 367 1
1 20 1 58 1 72 1 73 1 110 1 160 1 263 1 313 1 371 1 405 1 422 1 489 1 537 1 592 1 761 1 793 1 952 1 971 1
1 237 1 498 1 816 1 972 1
1 19 1 198 1 209 1 228 1 434 1 474 1
1 37 1 45 1 99 1 165 1 186 1 224 1 300 1 530 1 685 1 867 1 989 1
1 385 1 461 1 999 1
1 64 1 276 1 396 1 482 1 571 1 883 1
1 154 1 205 1 287 1 293 1 316 1 330 1 919 1 958 1
1 569 1 780 1 833 1 874 1 969 1
1 250 1 292 1 305 1 440 1 548 1 553 1 602 1 630 1 885 1 916 1
1 42 1 106 1 597 1 824 1
1 92 1 100 1 261 1 265 1 337 1 384 1 424 1 607 1 711 1 784 1 836 1
1 83 1 365 1 599 1 718 1 796 1
1 215 1 369 1 384 1 399 1 405 1 412 1 420 1 468 1 624 1 884 1 927 1
1 8 1 27 1 46 1 76 1 145 1 158 1 232 1 247 1 344 1 350 1 355 1 494 1 601 1 633 1 803 1
1 105 1 130 1
1 340 1 365 1 636 1
1 143 1 220 1 687 1 728 1 802 1 968 1
1 65 1 520 1 839 1
1 113 1 453 1 528 1 810 1 929 1
1 136 1 552 1 849 1
1 45 1 165 1 186 1 294 1 668 1
1 43 1 75 1 134 1 702 1
1 143 1 220 1 681 1 728 1 802 1
1 443 1 589 1 662 1 743 1
1 339 1 498 1 637 1
1 261 1 337 1 424 1 836 1
1 12 1 63 1 240 1 286 1 820 1
1 231 1 236 1 604 1 787 1 838 1
1 56 1 72 1 81 1 111 1 181 1 201 1 264 1 311 1 358 1 466 1 496 1 502 1 609 1 649 1 902 1 953 1
1 24 1 76 1 106 1 128 1 192 1 355 1 450 1 586 1 601 1 737 1 889 1 940 1 961 1
1 181 1 264 1 311 1 466 1 609 1 850 1
1 54 1 84 1 203 1 596 1 917 1 920 1
1 58 1 72 1 216 1 405 1 445 1 622 1 827 1 858 1
1 141 1 152 1 351 1 361 1 492 1 527 1 576 1 631 1 1000 1
1 94 1 564 1 773 1
1 95 1 104 1 189 1 646 1 755 1 876 1 931 1 939 1
1 342 1 519 1 708 1
1 23 1 43 1 70 1 686 1
1 7 1 62 1 334 1 470 1 853 1
1 196 1 563 1 861 1 959 1
1 388 1 720 1 888 1
1 25 1 391 1 508 1 799 1
1 63 1 429 1 473 1 620 1 653 1 661 1 751 1 976 1
1 342 1 701 1
1 296 1 299 1 541 1 726 1 978 1
1 1 1 256 1 396 1 464 1 486 1 511 1 516 1 570 1
1 92 1 261 1 265 1 330 1 337 1 372 1 424 1 501 1 607 1 675 1 740 1 765 1
1 658 1 875 1 964 1
1 376 1 651 1 724 1
1 654 1 981 1
1 89 1
1 342 1
1 398 1 404 1 719 1 818 1 873 1
1 83 1 267 1 676 1
1 72 1 90 1 94 1 189 1 398 1 404 1 405 1 489 1 564 1 717 1 761 1 818 1 862 1 863 1 873 1 876 1 971 1
1 388 1 705 1 888 1
1 113 1 226 1 227 1 465 1 512 1 542 1 589 1 591 1 592 1 595 1 729 1 742 1 743 1 929 1
1 88 1 628 1
1 89 1 136 1 167 1 406 1
1 117 1 160 1 359 1 376 1 380 1 437 1 441 1 651 1 713 1
1 110 1 135 1 507 1 573 1
1 171 1 373 1 513 1 541 1 709 1
1 104 1 123 1 214 1 614 1 843 1 862 1
1 143 1 220 1 681 1 687 1
1 39 1 314 1 443 1 527 1 589 1 592 1 595 1 721 1 739 1 742 1 743 1 830 1
1 6 1 119 1 313 1 448 1 789 1
1 51 1 123 1 289 1 467 1 495 1 562 1 644 1 783 1 862 1
1 99 1 186 1 300 1 867 1 989 1
1 24 1 76 1 410 1 471 1 586 1
1 71 1 576 1 864 1
1 132 1 394 1 895 1 913 1
1 35 1 168 1 252 1 376 1 565 1 606 1 800 1 805 1 817 1
1 128 1 192 1 350 1 450 1 455 1 592 1 601 1 694 1 926 1 940 1 961 1
1 226 1 595 1 771 1
1 39 1 314 1 527 1 591 1 592 1 595 1 729 1 742 1
1 197 1 270 1 337 1 353 1 396 1 408 1 486 1 501 1 634 1 635 1 711 1 786 1 948 1 987 1
1 446 1 534 1
1 39 1 314 1 346 1 496 1 512 1 527 1 589 1 592 1 595 1 652 1 721 1 729 1 739 1 883 1
1 443 1 589 1 591 1 662 1 688 1 721 1 729 1
1 222 1 349 1 552 1 763 1 845 1 907 1
1 126 1 174 1 202 1 283 1 386 1 505 1 561 1 778 1 819 1
1 517 1 894 1
1 19 1 178 1 228 1 971 1 982 1 988 1
1 37 1 251 1 647 1 848 1 879 1 996 1
1 88 1 102 1 230 1 243 1 379 1 414 1 792 1 980 1
1 36 1 189 1 336 1 369 1 412 1 499 1 761 1 876 1 896 1 927 1
1 63 1 429 1 707 1 754 1 911 1
1 96 1 120 1 192 1 246 1 378 1 418 1 568 1 860 1
1 34 1 67 1 234 1 566 1
1 658 1 751 1 964 1
1 189 1 298 1 336 1 438 1 619 1 700 1 876 1
1 21 1 519 1
1 217 1 295 1 926 1 952 1 961 1 983 1
1 84 1 173 1 184 1 288 1 417 1 596 1 788 1 840 1 917 1 983 1
1 2 1 161 1 208 1 911 1 951 1 955 1
1 215 1 407 1 870 1 884 1
1 72 1 90 1 94 1 189 1 398 1 404 1 405 1 422 1 489 1 564 1 665 1 719 1 750 1 863 1 876 1 927 1
1 55 1 308 1 540 1 905 1
1 423 1 552 1 744 1 845 1 857 1 907 1
1 16 1
1 92 1 265 1 400 1 711 1 991 1
1 98 1 481 1 621 1
1 53 1 193 1 315 1 392 1 454 1 504 1 830 1
1 112 1 179 1 198 1 260 1 434 1 474 1 562 1 988 1
1 261 1 303 1 345 1 380 1 484 1 511 1 642 1 663 1
1 274 1 460 1 832 1 851 1
1 226 1 258 1 436 1 738 1
1 59 1 157 1 236 1 451 1
1 189 1 699 1 896 1
1 103 1 269 1 362 1 813 1
1 309 1 435 1 543 1 660 1
1 86 1 114 1 256 1 396 1 516 1 570 1 898 1
1 14 1 116 1 155 1 266 1 328 1 413 1 869 1
1 53 1 193 1 283 1 745 1
1 161 1 390 1
1 556 1 569 1 672 1 790 1 874 1 914 1 969 1
1 87 1 221 1 894 1
1 88 1 230 1 301 1 329 1 469 1 628 1 650 1 906 1 936 1
1 51 1 289 1 321 1 467 1 641 1 731 1
1 265 1 270 1 635 1 675 1
1 112 1 228 1 562 1
1 197 1 353 1 635 1 740 1
1 236 1 307 1 604 1 692 1
1 173 1 217 1 288 1 295 1 417 1 758 1 840 1 983 1
1 584 1 616 1 730 1 933 1
1 556 1 650 1 780 1 914 1 936 1
1 48 1 49 1 282 1 444 1 526 1 928 1 987 1
1 88 1 102 1 129 1 230 1 379 1 434 1 749 1 970 1 980 1
1 160 1 422 1 442 1 489 1 537 1 622 1 665 1 886 1
1 297 1 549 1 601 1
1 17 1 48 1 518 1 834 1 924 1
1 83 1 365 1 599 1 676 1
1 67 1
1 85 1 180 1 440 1 841 1
1 25 1 30 1 508 1 575 1 706 1 951 1
1 359 1 380 1 441 1 478 1 565 1 606 1 736 1 817 1
1 52 1
1 143 1 220 1 681 1 687 1 881 1 918 1
1 8 1 27 1 46 1 145 1 158 1 232 1 350 1 393 1 489 1 494 1 678 1
1 449 1 514 1 838 1 859 1 885 1
1 35 1 93 1 168 1 252 1 376 1 565 1 606 1 736 1 817 1
1 396 1 516 1 570 1
1 313 1 550 1 554 1 567 1 584 1 933 1 970 1
1 241 1 281 1 308 1 343 1 479 1 540 1 559 1 905 1 956 1
1 182 1 467 1 495 1 871 1
1 113 1 219 1 453 1 457 1 683 1 912 1
1 201 1 207 1 908 1
1 66 1 205 1 293 1 316 1 330 1 432 1 522 1 919 1
1 362 1 774 1
1 223 1 463 1
1 121 1 180 1 440 1 904 1
1 237 1 498 1 666 1 972 1
1 72 1 93 1 168 1 252 1 415 1 565 1 606 1 736 1 800 1 805 1
1 33 1 108 1 183 1 335 1 404 1 717 1 719 1 873 1 937 1
1 34 1 126 1 283 1 402 1 561 1 566 1 745 1
1 12 1 240 1 411 1 506 1 535 1 691 1
1 946 1
1 251 1 879 1
1 13 1 31 1 131 1 195 1 403 1
1 42 1 106 1 597 1 611 1 639 1 674 1 892 1 904 1
1 
1 77 1 91 1 218 1 290 1 357 1 965 1
1 58 1 445 1 622 1 697 1 858 1
1 97 1 245 1 430 1 515 1
1 26 1 147 1 211 1 271 1 579 1 655 1
1 53 1 166 1 193 1 315 1 317 1 341 1 392 1 454 1 504 1 729 1 767 1
1 242 1
1 274 1 460 1 770 1 943 1
1 77 1 290 1 672 1 874 1 965 1
1 17 1 28 1 48 1 49 1 282 1 795 1 928 1
1 512 1 909 1
1 261 1 337 1 424 1 607 1 675 1 690 1
1 225 1 242 1 268 1 997 1
1 231 1 604 1 606 1 692 1 804 1 885 1
1 47 1 65 1 188 1 425 1 682 1
1 50 1 217 1 288 1 295 1 417 1 758 1 788 1 983 1
1 180 1 440 1 548 1 798 1
1 91 1 603 1 605 1 852 1
1 614 1 727 1
1 431 1 533 1 893 1
1 89 1 451 1 552 1 640 1 744 1 763 1 857 1 907 1
1 347 1 427 1 861 1 922 1
1 122 1 324 1 487 1 880 1 900 1 930 1
1 15 1 251 1 647 1 748 1 996 1
1 349 1 552 1 684 1
1 264 1 382 1 466 1 695 1
1 274 1 460 1 770 1
1 91 1 603 1 605 1 842 1
1 334 1 470 1 703 1
1 26 1 28 1 211 1 579 1 655 1
1 11 1 237 1 498 1 972 1
1 395 1 496 1 577 1
1 322 1 423 1 640 1 763 1 845 1 907 1
1 58 1 72 1 216 1 405 1 416 1 445 1 548 1 697 1 827 1 971 1
1 74 1 449 1 804 1 984 1
1 96 1 192 1 246 1 378 1 418 1 545 1 752 1 942 1
1 196 1 347 1 427 1 563 1 704 1 846 1 922 1 959 1 1000 1
1 51 1 104 1 123 1 214 1 495 1 562 1 719 1 727 1 731 1 876 1
1 72 1 80 1 94 1 104 1 189 1 214 1 238 1 253 1 311 1 404 1 719 1 761 1 873 1 876 1 937 1
1 71 1 576 1 734 1
1 401 1 488 1 932 1
1 249 1 409 1 483 1 523 1 588 1 891 1 963 1 981 1
1 99 1 186 1 300 1 530 1 668 1 732 1 989 1
1 555 1
1 116 1 777 1 941 1
1 399 1 760 1 877 1 884 1
1 371 1 483 1 495 1 510 1 588 1 809 1
1 423 1 946 1
1 404 1 717 1 719 1 818 1 863 1 937 1
1 77 1 569 1 650 1 672 1 780 1 833 1 936 1 969 1
1 429 1 658 1 712 1 964 1
1 5 1 80 1 104 1 189 1 700 1 719 1 750 1 755 1 761 1 862 1 863 1 897 1 939 1
1 365 1 599 1 870 1
1 31 1 205 1 403 1 492 1 654 1 919 1 958 1
1 251 1 647 1 748 1 822 1
1 99 1 122 1 177 1 324 1 487 1 847 1 930 1
1 143 1 220 1 802 1 918 1
1 267 1
1 64 1 284 1 344 1 482 1 572 1 587 1 670 1 742 1 979 1
1 215 1 399 1 412 1 624 1 677 1 760 1 870 1
1 250 1 449 1 514 1 673 1 804 1 838 1
1 57 1 160 1 422 1 442 1 793 1
1 146 1 319 1 500 1
1 267 1 388 1 705 1 720 1
1 24 1 128 1 450 1 694 1
1 304 1 547 1 598 1 992 1
1 249 1 371 1 456 1 483 1 510 1 523 1 588 1 866 1 963 1
1 106 1 597 1 639 1 824 1 915 1
1 431 1 533 1 844 1 943 1
1 2 1 221 1 517 1 746 1 781 1 911 1
1 132 1 394 1 558 1 735 1 913 1 994 1
1 499 1 750 1 773 1
1 5 1 80 1 95 1 447 1 876 1 939 1
1 86 1 114 1 256 1 396 1 516 1 570 1 776 1
1 202 1 233 1 257 1 421 1
1 847 1 930 1 949 1 986 1
1 32 1 225 1 226 1 242 1 346 1 512 1 527 1
1 56 1 81 1 181 1 201 1 264 1 311 1 502 1 609 1 649 1 693 1 953 1
1 323 1 578 1
1 180 1 285 1 305 1 440 1 536 1 548 1 597 1 602 1 611 1 815 1 824 1 915 1 916 1
1 308 1 343 1 479 1 540 1 547 1 559 1 762 1 808 1
1 125 1 291 1 301 1 329 1 469 1 782 1
1 322 1 451 1 640 1 744 1 763 1 845 1 857 1
1 61 1 201 1 207 1 811 1
1 835 1
1 197 1 948 1
1 2 1 208 1 508 1 751 1 759 1 894 1 955 1 966 1
1 528 1 657 1 810 1
1 132 1 394 1 735 1 895 1
1 556 1 569 1 650 1 780 1 790 1 936 1
1 106 1 285 1 597 1 639 1 892 1 904 1
1 199 1 292 1 305 1 320 1 440 1 536 1 548 1 553 1 602 1 611 1 673 1 904 1 962 1
1 54 1 84 1 173 1 184 1 417 1 596 1 696 1 758 1
1 802 1 881 1
1 154 1 205 1 209 1 293 1 330 1 403 1 492 1 671 1 812 1 878 1 958 1
1 54 1 596 1 696 1
1 
1 66 1 133 1 248 1 347 1 581 1 846 1 861 1 959 1
1 298 1 336 1 438 1 619 1
1 28 1 55 1 211 1 518 1 615 1 795 1
1 167 1 406 1
1 737 1 757 1 940 1 952 1 961 1
1 36 1 151 1 369 1 384 1 468 1 499 1 677 1 750 1 761 1 974 1
1 17 1 48 1 49 1 282 1 444 1 643 1 791 1 834 1
1 113 1 210 1 453 1 589 1 683 1 721 1
1 99 1 122 1 324 1 487 1 847 1 880 1 900 1
1 95 1 646 1 700 1
1 14 1 155 1 266 1 401 1 413 1 488 1 865 1 941 1
1 550 1 554 1 584 1 616 1 789 1 807 1
1 201 1 259 1 987 1
1 179 1 260 1 302 1
1 88 1 230 1 301 1 556 1 569 1 589 1 650 1 782 1 790 1 874 1 914 1
1 163 1 253 1 335 1 818 1 863 1 873 1
1 318 1 610 1
1 5 1 95 1 700 1 876 1 897 1
1 128 1 355 1 450 1 455 1 694 1 737 1 926 1 952 1 961 1
1 14 1 116 1 155 1 266 1 328 1 401 1 413 1 869 1 932 1
1 50 1 246 1 363 1 418 1 545 1 860 1 968 1
1 460 1 593 1 832 1 893 1
1 38 1 86 1 256 1 389 1 408 1 643 1
1 105 1 137 1 176 1 278 1 348 1
1 360 1 423 1 821 1 872 1
1 426 1
1 82 1 408 1 501 1 634 1 740 1 910 1 987 1
1 402 1 566 1 900 1 986 1
1 41 1 544 1
1 25 1 30 1 575 1 759 1 799 1 955 1
1 96 1 128 1 295 1 450 1 455 1 665 1 757 1 926 1 940 1 961 1
1 56 1 142 1 181 1 311 1 358 1 502 1 649 1 693 1 902 1
1 102 1 209 1 243 1 302 1 379 1 414 1 434 1 474 1
1 508 1 759 1 911 1 951 1
1 281 1 343 1 560 1 808 1
1 183 1 411 1 506 1 535 1 627 1 645 1
1 205 1 654 1 671 1 878 1 919 1
1 133 1 347 1 427 1 563 1 704 1 861 1 922 1 1000 1
1 73 1 194 1 422 1 613 1
1 297 1 350 1 355 1 547 1 549 1 564 1 601 1 694 1 737 1 757 1 926 1 940 1 952 1
1 199 1 292 1 320 1 536 1 553 1 602 1 916 1
1 29 1 249 1 397 1 409 1 866 1 891 1 981 1
1 658 1 712 1 754 1 875 1
1 77 1 218 1 290 1 357 1 826 1 833 1 969 1
1 2 1 87 1 208 1 638 1 911 1
1 59 1 157 1 368 1 433 1 472 1
1 50 1 246 1 247 1 363 1 418 1 545 1 681 1 942 1
1 77 1 672 1 780 1 874 1 965 1
1 88 1 129 1 230 1 311 1 618 1 792 1 807 1 980 1 988 1
1 33 1 58 1 72 1 216 1 313 1 416 1 489 1 562 1 665 1 719 1 747 1 858 1 982 1 988 1
1 237 1 498 1 666 1 816 1 855 1
1 190 1 312 1 395 1 623 1
1 36 1 57 1 151 1 468 1 499 1 927 1
1 74 1 101 1 310 1 463 1 531 1
1 118 1 473 1 653 1 661 1 707 1
1 137 1 153 1 278 1 348 1 366 1 459 1 617 1
1 159 1 296 1 299 1 541 1 709 1 995 1
1 46 1 284 1 344 1 549 1 572 1 587 1 601 1 883 1
1 88 1 129 1 230 1 434 1 749 1 792 1 970 1
1 29 1 397 1 409 1 714 1 866 1 963 1
1 19 1 72 1 178 1 228 1 434 1 448 1 747 1 971 1 988 1
1 217 1 288 1 295 1 417 1 757 1 758 1 788 1 840 1
1 204 1 859 1
1 341 1
1 475 1 612 1 900 1 949 1
1 259 1 408 1 526 1 585 1 634 1 740 1 791 1 934 1 948 1
1 19 1 129 1 178 1 179 1 228 1 405 1 434 1 562 1 747 1 768 1 970 1 971 1 982 1
1 37 1 99 1 165 1 530 1 668 1 732 1 867 1
1 65 1 425 1 490 1
1 373 1 501 1 513 1 765 1
1 304 1 308 1 546 1 547 1 559 1 598 1 890 1
1 150 1 994 1
1 485 1 558 1 600 1 895 1 993 1
1 159 1 169 1 296 1 978 1
1 391 1 473 1 620 1 647 1 748 1 848 1
1 225 1 242 1 268 1 837 1
1 196 1
1 385 1 669 1
1 133 1 141 1 152 1 167 1 172 1 361 1 492 1 563 1 581 1 631 1 698 1 861 1 959 1
