1000 2939
256 270 464 486 635 710
161 208 390 759 894 911 966
175 281 284 325 331 375 571 629
33 108 551 641
189 876 897 939
263 313 448 730
62 291 306 469 703
27 145 232 494 678 803
212 272 381 394
15 183 473 557
491 498 503 637 855
240 411 535 691 820
31 131 403 823
116 155 266 328 401 413 777 932 941
10 294 848
764
48 49 518 795 834 928
81 138 142 207 387
178 228 434 667 747 982 988
73 263 313 422 448 489 665
30 519 608 756
410 586
43 70 132 652 702
76 471 586 694 733 889
30 508 575 706 799 951
28 100 147 211 271 579 655 829 854
8 145 158 232 350 393 494 678 803
26 203 211 271 518 579 655 834 854 924
154 205 397 409 495 963 981
21 25 519 575 799 951
13 195 403 654 823 878
225 314 346 496 512 525 527 652 901
4 72 108 335 404 416 551 818 971
126 234 402 561 566 753 819
117 168 252 376 606 736 805
151 369 384 468 499 750 927 974
45 99 165 177 183 251 530 668 748 989
389 408 444 521 626 634 643 944
314 443 592 595 729 739 742

378 568 950
517 674 824
23 70 132 532 652 686 702
107
37 165 177 186 300 668 685
113 145 232 271 344 350 494 601 633 678 803 979
188 305 425 490 839
17 49 526 791 795 834 928
17 48 389 408 444 607 634 643 791 834 928
184 247 288 363 840 942 968
123 321 467 731 783 862
801
193 383 462 767 778 830
84 203 596 696 917 920
203 518 615 762 924
81 111 142 148 311 358 609 693 902 953
151 442 886 974
72 216 404 405 445 489 622 665 697 827 858 971
85 157 307 368 433 539 772 967
119 263 313 448
387 908
7 306 618 703
183 240 286 429 691 707 751
276 482 572 670 883
682 839 990
152 248 522 581 631 812 922
753 797
113 219 453 457
162 199 320
23 43 132 485 702
195 492 734 864
33 58 216 313 404 416 539 562 665 693 697 719 761 817 858 863 971 982
20 422 613 665 960
101 310 531 859 975
134 469 686
24 145 350 355 471 586 678 694 733
290 357 826 833 874 965 969
185
334 470 485 558 600
189 214 238 447 863 876 897
18 56 138 142 201 207 311 387 693 902
948
365 599 676 718 796
54 173 184 203 417 596 696 758 917
59 157 180 307 440 539 548 798
114 256 486 570 776 898 944
221 638 781 966
230 628 650 722 749 782 792 936 970 980
167 423 715 723 845
94 398 404 564 719 761
218 357 603 826 842 852
265 607 675 711 765
97 168 359 380 415 430 565 606 805 817
90 398 404 699 719 761 863
646 700 897 931 939
192 455 752 860 952
93 380 415 430 515 828
481 621 766
37 122 165 300 487 530 668 732 867 880 930 989
26 147 185 271 579 655 675
74 310 463 975
209 243 302 379 414 749 792 954
269 362 544 774
356 492 700 727 862 863 876
176 361 679 945
285 597 611 674 694 824 892 915
44
4 33 335 551 818
273
135 337 422 424 573 607 665 725
56 148 279 312 358 480 623 693
562 574 768 785
46 68 219 457 465 542 591 683 721 810 929
86 396 516 570 776 898
127 420 656
14 328 413 490 777 869 941
35 252 376 428 437 529 724
473 620 653 661 976
60 313 448 730
192 752
815
99 177 324 487 847 880 930
51 182 214 289 467 495 614 727 731 862
127 420 656
291 301 329 469 906
34 202 402 561 566 745 819
115 124 420 656
450 455 694 737 889 940 952
144 178 792 970 980 988
563 679
13 200 403 614 823
23 43 70 485 558 735 895 913
141 152 172 581 631 922 959 1000
75 686
110 345 507 725
524 552 684 723
153 176 278 348 945 977
18 81 142 207
255 515
475 612
133 172 351 581 631 698 1000
18 56 81 138 148 207 953
220 681 687 728 802 881
129 550 616
8 27 46 76 158 232 344 350 355 494 547 601 633 678 803
319 500 887
26 100 211 271 579 655 829
56 111 142 312 358 480
277 318 610
171 272 993
36 57 215 369 384 468 927 974
66 133 172 581 591 631 698 1000
137 278 348 361 366 459 617 977
29 205 287 293 330 397 671 919
14 266 328 401 413 777 932 941
201 458
59 85 307 368 539 772 967
27 145 232 350 494 633 678 803
169 326 978 995
422 442 489 537 622 665 724 793 886
2 390 759 779
69
214 253 937

37 45 99 183 186 224 294 300 405 530 627 668 685 989
315 327 333 374 392 454 504 830
89 364 563 723 925 1000
35 93 252 376 565 606 736 805 817
159 567 995

150 426 501 513 726
133 141 152 351 361 513 581 631 1000
84 417 596 758 788 917
244 283 377 386 561 745
3 325 331 375 571 629
105 137 278 348 361 945
37 45 122 324 880
19 129 747 982 988
229 260 357 562 768 935 988
85 440 539 548 602 611 798 815 841 904
311 358 466 502 609 649 693 695 902 953
123 467 495 809
10 37 63 165 411 506 535 557 627 645 818 957
50 84 247 417 596 758 917
78 100 271
45 165 300 530 668 685 732 867
284 343 546 587
47 199 305 425 839
5 80 298 336 619 700 719 750 755 761 773 863 876
279 312 395 623 973
359 380 441 477 538
96 120 246 455 694 737 752 860
53 383 767 778 830
407 442 613 960
31 71 492 823
563 704 861 998
353 740 786 910
209 228 434 474 667 768
69 188 292 305 320 536 553 916 962
131 495
81 156 311 458 693 811 902 908 934
126 233 386 402 421 745 899
28 54 55 84 211 271 579 596 615 696
338 984
29 154 287 330 396 397 652 671 812 878 919 958

18 81 138 142 811 908
2 759 911 966
102 198 243 302 474 667 919 954
929
26 28 147 203 271 408 579 634 655 829 854 924
9 272 381 394
317 354 452 503 632
80 123 163 253 727 862 863
151 369 384 399 407 412 468 677 760 884
58 72 405 416 697 858 971
288 295 417 757 788 840 983
91 290 357 826 965
68 113 453 457 810
143 681 687 728 802 881
87 517 781 894
349 744
463 814
165 530 627 645 668
32 226 242 268 288 512 837 901 997
225 314 436 512 527 542 591 595 721 738 771 901
465 542 591 721
19 198 667 747 785 982 988
179
88 260 628 650 749 782 792 936 970 980
604 692 838
8 27 46 145 158 344 350 393 494 601 678 803
202 257 421 475 497 899
34 566 753
317 383
604 692 772 787
498 666 816 855 972
80 253 447 863
289 323 493 578 644
12 63 286 691 820
352 479 808
225 268 831 837 901 997
102 209 302 379 414 749 954
174 372 377 386 428 437
345 515 828
192 247 288 363 378 418 545 752 860 942 968
50 184 246 288 363 596 678 968
66 347 522 581 922
371 456 483 510 523 588 866 891 963
449 514 531 630 673 885
37 620 647 748 822 848 879
35 117 168 376 606 736 805 817
163 214 238 863 937
585
139 515 651
1 86 464 486 710 776 898 944
233 421 475 497 899
436 771
262 281 332 476 526 585 634 934 987
179 230 357 562 768 935
337 424 511 607 663 675 690 711 769 836
259 332 476 593
6 20 60 313 422 448 489 665
311 466 609 693 695 850 902
92 675 711 765 784
14 155 328 401 413 777 932 941
718 882 888
225 242 837 997
103 362 544 774
1 486 635 740 784
26 28 46 100 147 185 203 211 579 655 829
9 150 212 381
109
460 770 832 851
360 461 590
64 344 482 670
149 318 610
137 153 176 348 945 977
111 190 312 358 395 480 623

3 259 284 343 560 808 956
389 408 444 634 643 791 834 928
174 561 745 778 819
3 187 281 343 571 572 587 883 979
106 536 597 611 904 915
63 240 691
154 205 671
50 217 225 246 247 295 417 596 758 788 840 983
123 239 467 495 562 644 731 783
77 218 357 826 833 965
7 125 306 329 469 906
199 305 320 553 673 916 962
154 316 330 432 522 671 812 919
15 165 685
217 288 757 788 840 952 983
299 709 978 995
355 549 601 794 961
189 336 438 619 755 923
296 400 513 541 709 978
45 99 165 186 530 668 732 867
125 329 650 782 906 936
102 209 243 414 474 935 954
484 511 642 663 769
308 540 547 598 890 992
47 188 199 292 310 489 548 601 602 630 673 904 916
7 62 291 469
59 85 157 539 787
304 343 479 540 547 559 762 808 905 992
435 775
74 101 305 463 531 630 975
56 81 181 201 264 408 466 496 502 649 693 695 863 902 953 970
111 148 190 279 480 623 973
6 20 60 72 119 263 405 422 448 489 554 665 730 807 971
32 39 226 346 527 591 592 595 652 729 739 742
166 333 374 392 454 504 767 830
293 330 671 812
213 235 354 504 830
149 277 610 938
146 500 887
69 199 292 536 916 962
51 335 641 783
640 857 907
239 493 578 644 903
122 177 487 847 880 930
3 175 375 571 629
159
166 341 374
14 116 155 266 413 777 941
125 291 301 469 782 906
154 205 293 316 522 671 711 812 919
3 175 375 431 533 629
259 262 476 526
166 315 374 392 454 491 504
79 470 485 600 703 853
33 108 321 551 818 937
189 298 438 619 750 755 923
110 261 396 424 511 607 675 690 711 740 836
204 543
637 689
388 412 636 680
327 374 830 985
701 708 716
187 281 284 308 479 546 559 808 905 956
46 145 232 276 350 633 678 883 979
135 245 484 511 769
32 314 496 512 525 527 532 592 652 659 742 901
248 427 846 861 922 959
137 153 176 278 945 977
222 744 849
27 46 76 145 158 232 344 355 494 633 678 737 803 961
141 172 492 698
241
197 635 740 786
213 317 503 632
76 145 297 350 549 601 678 694 940 961
104 447
77 91 179 218 260 290 826 965
56 111 148 181 279 609 623 693 953
93 191 380 396 415 441 477 538 565 724 800
275 461 590 946
105 153 172 176 492 576 698 1000
103 269 774 813
50 246 247 418 545 942 968
167
83 599 676 680 796 877
153 459 617 977
481 664
59 157 433 539 967
36 151 215 384 399 412 468 624 677 750 927
583
249 456 483 510 523 665 871 891
244 386 421 437 711
501 513 541 726 991
166 315 327 333 341 454
3 175 325 331 571 629
35 117 168 252 651 713 724 736 805
174 244 386 428 437 505
41 246 418 545 568 752 860
102 243 414 749 792 954
93 97 191 359 396 415 430 441 642 724 769 800
9 212 272 394
496 850
53 193 235
36 151 215 369 399 412 468 624 675 677 927
619 669 999
174 202 244 372 377 437 505 529 745
18 61 81
340 636 705 720 888
38 49 282 408 634 643 944
2 161 779
706 996
166 315 333 454 504 767 830
27 232 494 803
9 212 381 735 895 913
190 279 623 856 973
114 205 337 359 380 408 464 486 516 634 670 710 740 776 806 898
29 154 205 409 963 981
90 94 404 564 717 719 761
215 369 384 412 468 624 677 870 884
299 765
14 155 266 488 865 932 941
34 126 202 566 819 949
13 31 131 654 823 878 919
33 58 72 90 94 398 564 717 719 761 818 863 873
58 165 216 313 422 489 665 677 697 719 761 858 988
723 925
194 215 422 442 760
38 49 211 282 311 389 396 444 521 626 634 643 740 944 948 987
29 397 866 963 981
22 586 733
12 183 506 535 557 627 820 957
215 340 369 384 399 434 624 677 750 884
14 116 155 266 328 777 932 941
102 243 302 379 749 954
93 97 359 380 430 642 817
33 72 216 858 971
84 173 184 217 288 596 758 788 840 917 983
246 363 378 545 752 860 942 968
432 522 580
115 124 127 677
202 233 257 372 899
20 73 110 160 263 313 405 407 442 489 537 665 761 793 886 960
89 763 857 872 946
110 261 337 511 607 675 690 711 836
47 188 490 839 990
171 947
347 580 846 861 959
117 244 377 437 505
63 707 751 875
93 97 380 415 515 828
331 533 844 893
293 419 522 812
59 368 967
19 198 412 474 667 768 792 954 980 982 988
309 660 775
226 258 771
117 244 372 377 386 428 505 529 724
298 336 619 755 923
452 478
85 180 548 602 673 798 815 841 904 916
191 359 380 477 478 538 565 606 724 800
57 160 194 407 422 793 886
39 591 688 729 743
38 49 282 408 521 626 634 643 791 928
58 622 697 827 858
534 741
80 238 356 897
6 20 60 119 263 313 730 982
250 514 531 630 804 859 885
128 455 694 737 889 940 952
640 772 845 907
213 439 632
68 219 457 683 810 929
166 315 333 374 392 504 767 830
96 128 192 450 737 940 952
249 371 510 523 891
68 113 219 453 465 542 810
156 201 625
153 366 617 977
274 770 832 851 943
275 360 590 669
53 594
101 223 310 531 814 975
1 256 396 486 516 570 710
113 227 457 542 721
181 264 311 609 693 695 850
51 123 182 289 731 783 809
36 151 215 369 384 399 677 927 974
7 75 125 291 306 329 782 906
79 334 567 703 853
24 76 586 733
967
10 118 620 653 661 707 976 996
198 209 302 434 667 768 954
140 233 257 497 612 986
259 262 332
191 359 441 538
439 441 800
241 308 343 808 905
111 148 279 312
98 367 621 766
64 276 670 883
249 371 510 523 588 866 871 891
303 345 663 769
70 79 132 334 558 600 994
1 86 256 270 396 464 570 710 740
99 122 324 847 880 930
401 865 932
20 58 160 263 305 313 405 422 511 537 622 665 719 761 793 803 971
47 116 425 990
11 333 504 637
71 104 195 351 361 576 698 878 919 1000
239 323 644
8 27 46 145 158 232 350 393 633 678 803
29 123 182 200 289 644 731 809 862 871
32 311 346 382 512 532 592 652 659 693 742 856
233 257 475
11 237 504 512 637 666 689 816 855 972
36 750 896 927 974
146 319 887
171 373 513 711 740 948 991
181 311 625 649 693 902 953
11 213 354
166 315 317 333 392 454 491 498 767 830
377 386 428 437 745
183 411 535 557 627 645 820 957
135 573 725
25 706 799 911 955

249 371 456 483 523 588 871 891
261 303 337 345 424 489 663 710 769
32 225 226 346 496 498 525 527 530 592 595 721 742 835 901
171 172 299 373 501 726 991
250 449 804 885
97 139 245 255 430 828
114 396 464 570 710 776 806 898
42 221 746 894
17 28 55 795 924
21 30 701 756
608 682
38 408 444 626 634 643
66 248 293 330 419 432 812
249 371 456 483 510 588 866 891
136
32 346 512 527 652
48 259 332 585 634 791 987
32 226 314 346 512 525 591 592 595 652 698 729 739 742 901
657 683 912
117 386 437 651
37 99 165 186 224 300 512 668 867 989
74 250 310 449 463 630 975
43 346 496 652 659
331 431 844 893
446 741
12 183 411 506 557 627 820 957
199 285 320 602 611 904 916 962
160 422 489 665 793
191 359 441 477
59 72 85 157 180 307 368 548 602
304 308 762 808 905
299 373 709 726 978
113 226 227 457 465 591 595 721
338 775
103 269 950
246 363 378 418 860 942 968
187 343 559 587 992
145 304 308 549 598 890 905 961 992
85 180 305 440 539 602 611 673 841 858 904 916
297 355 547 601 794 961 979
144 807 933
4 33 108 335 641
136 684 744 763 845 849
199 292 630 673 916 962
313 584 807 933
868
569 650 780 790 914 936
10 183 411 506 535 627
79 132 485 600 895 994
308 343 546 808 905 992
281 956
34 126 174 283 745 819
72 112 179 260 289 574 731 768 785 862 971 988
130 167 196 704 861 959 1000
90 398 404 699 719 761 961
93 168 359 441 606 736 800 805 817
34 126 234 402 753 819 949
169 470 807
41 378 752
556 650 672 780 874 914 936
86 114 464 486 516 710 776 806 898
3 175 284 325 375 572 670
64 284 571 587 883 979
110 507 725
112 562 578
25 30 799 951
361 492 698 734 864
856
239 323 574 644 903
26 28 100 147 203 211 271 655 829 854
419 427
66 133 141 152 172 248 631 922 1000
648
370 657
554 789 807 933
254 259 526 987
22 24 76 410 471 694 733
187 284 546 572 883 979
249 483 510 523 866 871 891
592 650 662 688 721 729 742 743 929 936
275 360 461
113 152 226 227 314 443 527 542 592 595 609 721 739 743
39 314 346 496 512 527 589 591 595 623 650 652 665 721 729 737 739 742
262 943
462
39 226 314 512 527 542 591 592 721 729 738 739 742
54 84 173 184 203 247 288 417 696 758 917 920
106 285 611 674 824 892 904 915
304 547 890 992
83 365 676 796 877
79 334 485 558 994
46 145 232 297 305 355 549 678 694 737 794 961 979
180 305 440 536 539 548 611 673 904 916 962
91 605 842 852
231 236 692 787 838
603 842 852
35 93 168 252 441 565 736 800 805 817 838
49 92 110 261 337 424 675 711 836
21 520
56 181 264 358 466 591 649 693 695 902
149 277 318 938
106 180 285 536 548 597 602 824 904 916
140 475 986
73 194 960
123 131 727 843
55 203 924
144 789 933
153 366 459 977
62 970
189 298 336 385 438 755 923
118 251 473 707 996
98 481 766
58 160 445 489 697 793 827
111 190 279 312 358 395 592 973
369 384 399 412 677 884
458 502
38 408 444 521 634
165 183 224 411 506 535 557 645 957
88 230 722 782
3 175 325 331 375
250 305 310 449 531 553 673
66 133 141 152 172 581 698 1000
213 354 452
46 145 158 344 350 494 678
38 49 211 259 282 389 396 408 444 521 526 626 643 740 948 987
1 270 353 740 784 786
340 388 680
11 339 491 498 689
87 966
824 892 915
322 451 845 857 907
4 321 551 783
303 380 415 769
38 49 282 389 408 444 521 634 928 944
239 289 323 493 495 578 731
183 224 506 627 957
95 700 931
251 748 848 879 996
582
181 311 502 609 693 902 953
88 230 301 556 569 589 592 782 790 874 914 936
255 376 529 713 724
23 32 43 205 314 346 496 525 527 532 592 659 742
118 473 661 707 976
31 403 714 878 958
26 28 100 147 211 271 579 829 854
115 124 127
528 583 912
712 754 875 964
346 496 532 652
435 775
118 473 653 707 976
589 688 743
261 303 484 511 769
367
20 58 72 73 110 160 263 313 371 405 422 489 537 592 761 793 952 971
237 498 816 972
19 198 209 228 434 474
37 45 99 165 186 224 300 530 685 867 989
385 461 999
64 276 396 482 571 883
154 205 287 293 316 330 919 958
569 780 833 874 969
250 292 305 440 548 553 602 630 885 916
42 106 597 824
92 100 261 265 337 384 424 607 711 784 836
83 365 599 718 796
215 369 384 399 405 412 420 468 624 884 927
8 27 46 76 145 158 232 247 344 350 355 494 601 633 803
105 130
340 365 636
143 220 687 728 802 968
65 520 839
113 453 528 810 929
136 552 849
45 165 186 294 668
43 75 134 702
143 220 681 728 802
443 589 662 743
339 498 637
261 337 424 836
12 63 240 286 820
231 236 604 787 838
56 72 81 111 181 201 264 311 358 466 496 502 609 649 902 953
24 76 106 128 192 355 450 586 601 737 889 940 961
181 264 311 466 609 850
54 84 203 596 917 920
58 72 216 405 445 622 827 858
141 152 351 361 492 527 576 631 1000
94 564 773
95 104 189 646 755 876 931 939
342 519 708
23 43 70 686
7 62 334 470 853
196 563 861 959
388 720 888
25 391 508 799
63 429 473 620 653 661 751 976
342 701
296 299 541 726 978
1 256 396 464 486 511 516 570
92 261 265 330 337 372 424 501 607 675 740 765
658 875 964
376 651 724
654 981
89
342
398 404 719 818 873
83 267 676
72 90 94 189 398 404 405 489 564 717 761 818 862 863 873 876 971
388 705 888
113 226 227 465 512 542 589 591 592 595 729 742 743 929
88 628
89 136 167 406
117 160 359 376 380 437 441 651 713
110 135 507 573
171 373 513 541 709
104 123 214 614 843 862
143 220 681 687
39 314 443 527 589 592 595 721 739 742 743 830
6 119 313 448 789
51 123 289 467 495 562 644 783 862
99 186 300 867 989
24 76 410 471 586
71 576 864
132 394 895 913
35 168 252 376 565 606 800 805 817
128 192 350 450 455 592 601 694 926 940 961
226 595 771
39 314 527 591 592 595 729 742
197 270 337 353 396 408 486 501 634 635 711 786 948 987
446 534
39 314 346 496 512 527 589 592 595 652 721 729 739 883
443 589 591 662 688 721 729
222 349 552 763 845 907
126 174 202 283 386 505 561 778 819
517 894
19 178 228 971 982 988
37 251 647 848 879 996
88 102 230 243 379 414 792 980
36 189 336 369 412 499 761 876 896 927
63 429 707 754 911
96 120 192 246 378 418 568 860
34 67 234 566
658 751 964
189 298 336 438 619 700 876
21 519
217 295 926 952 961 983
84 173 184 288 417 596 788 840 917 983
2 161 208 911 951 955
215 407 870 884
72 90 94 189 398 404 405 422 489 564 665 719 750 863 876 927
55 308 540 905
423 552 744 845 857 907
16
92 265 400 711 991
98 481 621
53 193 315 392 454 504 830
112 179 198 260 434 474 562 988
261 303 345 380 484 511 642 663
274 460 832 851
226 258 436 738
59 157 236 451
189 699 896
103 269 362 813
309 435 543 660
86 114 256 396 516 570 898
14 116 155 266 328 413 869
53 193 283 745
161 390
556 569 672 790 874 914 969
87 221 894
88 230 301 329 469 628 650 906 936
51 289 321 467 641 731
265 270 635 675
112 228 562
197 353 635 740
236 307 604 692
173 217 288 295 417 758 840 983
584 616 730 933
556 650 780 914 936
48 49 282 444 526 928 987
88 102 129 230 379 434 749 970 980
160 422 442 489 537 622 665 886
297 549 601
17 48 518 834 924
83 365 599 676
67
85 180 440 841
25 30 508 575 706 951
359 380 441 478 565 606 736 817
52
143 220 681 687 881 918
8 27 46 145 158 232 350 393 489 494 678
449 514 838 859 885
35 93 168 252 376 565 606 736 817
396 516 570
313 550 554 567 584 933 970
241 281 308 343 479 540 559 905 956
182 467 495 871
113 219 453 457 683 912
201 207 908
66 205 293 316 330 432 522 919
362 774
223 463
121 180 440 904
237 498 666 972
72 93 168 252 415 565 606 736 800 805
33 108 183 335 404 717 719 873 937
34 126 283 402 561 566 745
12 240 411 506 535 691
946
251 879
13 31 131 195 403
42 106 597 611 639 674 892 904

77 91 218 290 357 965
58 445 622 697 858
97 245 430 515
26 147 211 271 579 655
53 166 193 315 317 341 392 454 504 729 767
242
274 460 770 943
77 290 672 874 965
17 28 48 49 282 795 928
512 909
261 337 424 607 675 690
225 242 268 997
231 604 606 692 804 885
47 65 188 425 682
50 217 288 295 417 758 788 983
180 440 548 798
91 603 605 852
614 727
431 533 893
89 451 552 640 744 763 857 907
347 427 861 922
122 324 487 880 900 930
15 251 647 748 996
349 552 684
264 382 466 695
274 460 770
91 603 605 842
334 470 703
26 28 211 579 655
11 237 498 972
395 496 577
322 423 640 763 845 907
58 72 216 405 416 445 548 697 827 971
74 449 804 984
96 192 246 378 418 545 752 942
196 347 427 563 704 846 922 959 1000
51 104 123 214 495 562 719 727 731 876
72 80 94 104 189 214 238 253 311 404 719 761 873 876 937
71 576 734
401 488 932
249 409 483 523 588 891 963 981
99 186 300 530 668 732 989
555
116 777 941
399 760 877 884
371 483 495 510 588 809
423 946
404 717 719 818 863 937
77 569 650 672 780 833 936 969
429 658 712 964
5 80 104 189 700 719 750 755 761 862 863 897 939
365 599 870
31 205 403 492 654 919 958
251 647 748 822
99 122 177 324 487 847 930
143 220 802 918
267
64 284 344 482 572 587 670 742 979
215 399 412 624 677 760 870
250 449 514 673 804 838
57 160 422 442 793
146 319 500
267 388 705 720
24 128 450 694
304 547 598 992
249 371 456 483 510 523 588 866 963
106 597 639 824 915
431 533 844 943
2 221 517 746 781 911
132 394 558 735 913 994
499 750 773
5 80 95 447 876 939
86 114 256 396 516 570 776
202 233 257 421
847 930 949 986
32 225 226 242 346 512 527
56 81 181 201 264 311 502 609 649 693 953
323 578
180 285 305 440 536 548 597 602 611 815 824 915 916
308 343 479 540 547 559 762 808
125 291 301 329 469 782
322 451 640 744 763 845 857
61 201 207 811
835
197 948
2 208 508 751 759 894 955 966
528 657 810
132 394 735 895
556 569 650 780 790 936
106 285 597 639 892 904
199 292 305 320 440 536 548 553 602 611 673 904 962
54 84 173 184 417 596 696 758
802 881
154 205 209 293 330 403 492 671 812 878 958
54 596 696

66 133 248 347 581 846 861 959
298 336 438 619
28 55 211 518 615 795
167 406
737 757 940 952 961
36 151 369 384 468 499 677 750 761 974
17 48 49 282 444 643 791 834
113 210 453 589 683 721
99 122 324 487 847 880 900
95 646 700
14 155 266 401 413 488 865 941
550 554 584 616 789 807
201 259 987
179 260 302
88 230 301 556 569 589 650 782 790 874 914
163 253 335 818 863 873
318 610
5 95 700 876 897
128 355 450 455 694 737 926 952 961
14 116 155 266 328 401 413 869 932
50 246 363 418 545 860 968
460 593 832 893
38 86 256 389 408 643
105 137 176 278 348
360 423 821 872
426
82 408 501 634 740 910 987
402 566 900 986
41 544
25 30 575 759 799 955
96 128 295 450 455 665 757 926 940 961
56 142 181 311 358 502 649 693 902
102 209 243 302 379 414 434 474
508 759 911 951
281 343 560 808
183 411 506 535 627 645
205 654 671 878 919
133 347 427 563 704 861 922 1000
73 194 422 613
297 350 355 547 549 564 601 694 737 757 926 940 952
199 292 320 536 553 602 916
29 249 397 409 866 891 981
658 712 754 875
77 218 290 357 826 833 969
2 87 208 638 911
59 157 368 433 472
50 246 247 363 418 545 681 942
77 672 780 874 965
88 129 230 311 618 792 807 980 988
33 58 72 216 313 416 489 562 665 719 747 858 982 988
237 498 666 816 855
190 312 395 623
36 57 151 468 499 927
74 101 310 463 531
118 473 653 661 707
137 153 278 348 366 459 617
159 296 299 541 709 995
46 284 344 549 572 587 601 883
88 129 230 434 749 792 970
29 397 409 714 866 963
19 72 178 228 434 448 747 971 988
217 288 295 417 757 758 788 840
204 859
341
475 612 900 949
259 408 526 585 634 740 791 934 948
19 129 178 179 228 405 434 562 747 768 970 971 982
37 99 165 530 668 732 867
65 425 490
373 501 513 765
304 308 546 547 559 598 890
150 994
485 558 600 895 993
159 169 296 978
391 473 620 647 748 848
225 242 268 837
196
385 669
133 141 152 167 172 361 492 563 581 631 698 861 959
