1000 2939 011
25 256 625 270 625 464 625 486 625 635 625 710 625
75 161 5625 208 5625 390 5625 759 5625 894 5625 911 5625 966 5625
25 175 625 281 625 284 625 325 625 331 625 375 625 571 625 629 625
75 33 5625 108 5625 551 5625 641 5625
75 189 5625 876 5625 897 5625 939 5625
50 263 2500 313 2500 448 2500 730 2500
25 62 625 291 625 306 625 469 625 703 625
25 27 625 145 625 232 625 494 625 678 625 803 625
25 212 625 272 625 381 625 394 625
50 15 2500 183 2500 473 2500 557 2500
25 491 625 498 625 503 625 637 625 855 625
50 240 2500 411 2500 535 2500 691 2500 820 2500
75 31 5625 131 5625 403 5625 823 5625
50 116 3750 155 2500 266 2500 328 3750 401 2500 413 3750 777 3750 932 2500 941 2500
50 10 2500 294 2500 848 2500
25 764 625
25 48 625 49 625 518 625 795 625 834 625 928 625
25 81 625 138 625 142 625 207 625 387 625
50 178 2500 228 2500 434 2500 667 2500 747 2500 982 2500 988 2500
50 73 2500 263 2500 313 2500 422 2500 448 2500 489 2500 665 2500
75 30 5625 519 5625 608 5625 756 5625
25 410 625 586 625
25 43 625 70 625 132 625 652 625 702 625
25 76 625 471 625 586 625 694 625 733 625 889 625
75 30 5625 508 5625 575 5625 706 5625 799 5625 951 5625
25 28 625 100 625 147 625 211 625 271 625 579 625 655 625 829 625 854 625
25 8 625 145 625 158 625 232 625 350 625 393 625 494 625 678 625 803 625
25 26 625 203 625 211 625 271 625 518 625 579 625 655 625 834 625 854 625 924 625
75 154 5625 205 5625 397 5625 409 5625 495 5625 963 5625 981 5625
75 21 5625 25 5625 519 5625 575 5625 799 5625 951 5625
75 13 5625 195 5625 403 5625 654 5625 823 5625 878 5625
25 225 625 314 625 346 625 496 625 512 625 525 625 527 625 652 625 901 625
75 4 5625 72 3750 108 5625 335 5625 404 5625 416 3750 551 5625 818 5625 971 3750
50 126 2500 234 2500 402 2500 561 2500 566 2500 753 2500 819 2500
50 117 2500 168 2500 252 2500 376 2500 606 2500 736 2500 805 2500
75 151 5625 369 5625 384 5625 468 5625 499 5625 750 5625 927 5625 974 5625
50 45 2500 99 2500 165 2500 177 2500 183 2500 251 2500 530 2500 668 2500 748 2500 989 2500
25 389 625 408 625 444 625 521 625 626 625 634 625 643 625 944 625
25 314 625 443 625 592 625 595 625 729 625 739 625 742 625
75 
25 378 625 568 625 950 625
75 517 5625 674 5625 824 5625
25 23 625 70 625 132 625 532 625 652 625 686 625 702 625
75 107 5625
50 37 2500 165 2500 177 2500 186 2500 300 2500 668 2500 685 2500
25 113 625 145 625 232 625 271 625 344 625 350 625 494 625 601 625 633 625 678 625 803 625 979 625
75 188 5625 305 5625 425 5625 490 5625 839 5625
25 17 625 49 625 526 625 791 625 795 625 834 625 928 625
25 17 625 48 625 389 625 408 625 444 625 607 625 634 625 643 625 791 625 834 625 928 625
25 184 625 247 625 288 625 363 625 840 625 942 625 968 625
75 123 5625 321 5625 467 5625 731 5625 783 5625 862 5625
50 801 2500
50 193 2500 383 2500 462 2500 767 2500 778 2500 830 1250
25 84 625 203 625 596 625 696 625 917 625 920 625
25 203 625 518 625 615 625 762 625 924 625
25 81 625 111 625 142 625 148 625 311 625 358 625 609 625 693 625 902 625 953 625
50 151 3750 442 2500 886 2500 974 3750
50 72 2500 216 2500 404 3750 405 2500 445 2500 489 2500 622 2500 665 2500 697 2500 827 2500 858 2500 971 2500
75 85 5625 157 5625 307 5625 368 5625 433 5625 539 5625 772 5625 967 5625
50 119 2500 263 2500 313 2500 448 2500
25 387 625 908 625
25 7 625 306 625 618 625 703 625
50 183 2500 240 2500 286 2500 429 3750 691 2500 707 2500 751 3750
25 276 625 482 625 572 625 670 625 883 625
75 682 5625 839 5625 990 5625
75 152 5625 248 5625 522 5625 581 5625 631 5625 812 5625 922 5625
50 753 2500 797 2500
25 113 625 219 625 453 625 457 625
75 162 5625 199 5625 320 5625
25 23 625 43 625 132 625 485 625 702 625
75 195 5625 492 5625 734 5625 864 5625
50 33 3750 58 2500 216 2500 313 2500 404 3750 416 2500 539 3750 562 3750 665 2500 693 1250 697 2500 719 3750 761 3750 817 2500 858 2500 863 3750 971 2500 982 2500
50 20 2500 422 2500 613 2500 665 2500 960 2500
75 101 5625 310 5625 531 5625 859 5625 975 5625
25 134 625 469 625 686 625
25 24 625 145 625 350 625 355 625 471 625 586 625 678 625 694 625 733 625
25 290 625 357 1250 826 1250 833 625 874 625 965 625 969 625
25 185 625
25 334 625 470 625 485 625 558 625 600 625
75 189 5625 214 5625 238 5625 447 5625 863 5625 876 5625 897 5625
25 18 625 56 625 138 625 142 625 201 625 207 625 311 625 387 625 693 625 902 625
25 948 625
50 365 2500 599 2500 676 2500 718 2500 796 2500
25 54 625 173 625 184 625 203 625 417 625 596 625 696 625 758 625 917 625
75 59 5625 157 5625 180 5625 307 5625 440 5625 539 5625 548 5625 798 5625
25 114 625 256 625 486 625 570 625 776 625 898 625 944 625
75 221 5625 638 5625 781 5625 966 5625
25 230 625 628 625 650 625 722 625 749 625 782 625 792 1250 936 625 970 625 980 625
75 167 5625 423 5625 715 5625 723 5625 845 5625
75 94 5625 398 5625 404 5625 564 5625 719 5625 761 5625
50 218 2500 357 2500 603 2500 826 2500 842 2500 852 2500
25 265 625 607 625 675 625 711 625 765 625
50 97 2500 168 2500 359 2500 380 2500 415 2500 430 2500 565 2500 606 2500 805 2500 817 2500
75 90 5625 398 5625 404 5625 699 5625 719 5625 761 5625 863 5625
75 646 5625 700 5625 897 5625 931 5625 939 5625
25 192 625 455 625 752 625 860 625 952 625
50 93 2500 380 2500 415 2500 430 2500 515 2500 828 2500
75 481 5625 621 5625 766 5625
50 37 2500 122 2500 165 2500 300 2500 487 2500 530 2500 668 2500 732 2500 867 2500 880 2500 930 2500 989 2500
25 26 625 147 625 185 625 271 625 579 625 655 625 675 625
75 74 5625 310 5625 463 5625 975 5625
50 209 2500 243 2500 302 2500 379 2500 414 2500 749 1250 792 2500 954 2500
25 269 625 362 625 544 625 774 625
75 356 5625 492 5625 700 5625 727 5625 862 5625 863 5625 876 5625
75 176 5625 361 5625 679 5625 945 5625
75 285 5625 597 5625 611 5625 674 5625 694 1875 824 5625 892 5625 915 5625
75 44 5625
75 4 5625 33 5625 335 5625 551 5625 818 5625
25 273 625
50 135 2500 337 1250 422 2500 424 1250 573 2500 607 1250 665 2500 725 2500
25 56 625 148 625 279 625 312 625 358 625 480 625 623 625 693 625
75 562 5625 574 5625 768 3750 785 3750
25 46 625 68 625 219 625 457 625 465 625 542 625 591 625 683 625 721 625 810 625 929 625
25 86 625 396 625 516 625 570 625 776 625 898 625
25 127 625 420 625 656 625
75 14 3750 328 5625 413 5625 490 5625 777 5625 869 5625 941 3750
50 35 2500 252 2500 376 2500 428 2500 437 2500 529 2500 724 2500
75 473 3750 620 3750 653 3750 661 5625 976 3750
50 60 2500 313 2500 448 2500 730 2500
25 192 625 752 625
75 815 5625
50 99 2500 177 2500 324 2500 487 2500 847 2500 880 2500 930 2500
75 51 5625 182 5625 214 5625 289 5625 467 5625 495 5625 614 5625 727 5625 731 5625 862 5625
25 127 625 420 625 656 625
25 291 625 301 625 329 625 469 625 906 625
50 34 2500 202 2500 402 2500 561 2500 566 2500 745 2500 819 2500
25 115 625 124 625 420 625 656 625
25 450 625 455 625 694 625 737 625 889 625 940 625 952 625
50 144 2500 178 2500 792 2500 970 1250 980 1250 988 2500
75 563 5625 679 5625
75 13 5625 200 5625 403 5625 614 5625 823 5625
25 23 625 43 625 70 625 485 625 558 625 735 625 895 625 913 625
75 141 5625 152 5625 172 5625 581 5625 631 5625 922 5625 959 5625 1000 5625
25 75 625 686 625
50 110 2500 345 2500 507 2500 725 2500
75 524 5625 552 5625 684 5625 723 5625
75 153 5625 176 5625 278 5625 348 5625 945 5625 977 5625
25 18 625 81 625 142 625 207 625
50 255 2500 515 2500
50 475 2500 612 2500
75 133 5625 172 5625 351 5625 581 5625 631 5625 698 5625 1000 5625
25 18 625 56 625 81 625 138 625 148 625 207 625 953 625
25 220 625 681 625 687 625 728 625 802 625 881 625
50 129 2500 550 1250 616 2500
25 8 625 27 625 46 625 76 625 158 625 232 625 344 625 350 625 355 625 494 625 547 625 601 625 633 625 678 625 803 625
25 319 625 500 625 887 625
25 26 625 100 625 211 625 271 625 579 625 655 625 829 625
25 56 625 111 625 142 625 312 625 358 625 480 625
25 277 625 318 625 610 625
25 171 625 272 625 993 625
75 36 5625 57 3750 215 3750 369 5625 384 5625 468 5625 927 5625 974 5625
75 66 5625 133 5625 172 5625 581 5625 591 1875 631 5625 698 5625 1000 5625
75 137 5625 278 5625 348 5625 361 5625 366 5625 459 5625 617 5625 977 5625
75 29 5625 205 5625 287 5625 293 5625 330 5625 397 5625 671 5625 919 5625
50 14 2500 266 2500 328 3750 401 2500 413 3750 777 3750 932 2500 941 2500
25 201 625 458 625
75 59 5625 85 5625 307 5625 368 5625 539 5625 772 5625 967 5625
25 27 625 145 625 232 625 350 625 494 625 633 625 678 625 803 625
25 169 625 326 625 978 625 995 625
50 422 2500 442 2500 489 2500 537 2500 622 2500 665 2500 724 2500 793 2500 886 2500
75 2 5625 390 5625 759 5625 779 5625
75 69 5625
75 214 5625 253 5625 937 5625
25 
50 37 2500 45 2500 99 2500 183 2500 186 2500 224 2500 294 2500 300 2500 405 2500 530 2500 627 2500 668 2500 685 2500 989 2500
25 315 625 327 625 333 625 374 625 392 625 454 625 504 625 830 625
75 89 5625 364 5625 563 5625 723 5625 925 5625 1000 5625
50 35 2500 93 2500 252 2500 376 2500 565 2500 606 2500 736 2500 805 2500 817 2500
25 159 625 567 625 995 625
50 
25 150 625 426 625 501 625 513 625 726 625
75 133 5625 141 5625 152 5625 351 5625 361 5625 513 1875 581 5625 631 5625 1000 5625
25 84 625 417 625 596 625 758 625 788 625 917 625
50 244 2500 283 2500 377 2500 386 2500 561 2500 745 2500
25 3 625 325 625 331 625 375 625 571 625 629 625
75 105 5625 137 5625 278 5625 348 5625 361 5625 945 5625
50 37 2500 45 2500 122 2500 324 2500 880 2500
50 19 2500 129 2500 747 2500 982 2500 988 2500
50 229 2500 260 2500 357 2500 562 3750 768 2500 935 2500 988 2500
75 85 5625 440 5625 539 5625 548 5625 602 5625 611 5625 798 5625 815 5625 841 5625 904 5625
25 311 625 358 625 466 625 502 625 609 625 649 625 693 625 695 625 902 625 953 625
75 123 5625 467 5625 495 5625 809 5625
50 10 2500 37 2500 63 2500 165 2500 411 2500 506 2500 535 2500 557 2500 627 2500 645 2500 818 3750 957 2500
25 50 625 84 625 247 625 417 625 596 625 758 625 917 625
25 78 625 100 625 271 625
50 45 2500 165 2500 300 2500 530 2500 668 2500 685 2500 732 2500 867 2500
25 284 625 343 625 546 625 587 625
75 47 5625 199 5625 305 5625 425 5625 839 5625
75 5 5625 80 5625 298 5625 336 5625 619 5625 700 5625 719 5625 750 5625 755 5625 761 5625 773 5625 863 5625 876 5625
25 279 625 312 625 395 625 623 625 973 625
50 359 2500 380 2500 441 2500 477 2500 538 1250
25 96 625 120 625 246 625 455 625 694 625 737 625 752 625 860 625
50 53 2500 383 2500 767 2500 778 2500 830 1250
50 407 2500 442 2500 613 2500 960 2500
75 31 5625 71 5625 492 5625 823 5625
75 563 5625 704 5625 861 5625 998 5625
25 353 625 740 625 786 625 910 625
50 209 2500 228 2500 434 2500 474 2500 667 2500 768 2500
75 69 5625 188 5625 292 5625 305 5625 320 5625 536 5625 553 5625 916 5625 962 5625
75 131 5625 495 5625
25 81 625 156 625 311 625 458 625 693 625 811 625 902 625 908 625 934 625
50 126 2500 233 2500 386 2500 402 2500 421 2500 745 2500 899 2500
25 28 625 54 625 55 625 84 625 211 625 271 625 579 625 596 625 615 625 696 625
75 338 5625 984 5625
75 29 5625 154 5625 287 5625 330 5625 396 1875 397 5625 652 1875 671 5625 812 5625 878 5625 919 5625 958 5625
50 
25 18 625 81 625 138 625 142 625 811 625 908 625
75 2 5625 759 5625 911 5625 966 5625
50 102 2500 198 2500 243 2500 302 2500 474 2500 667 2500 919 3750 954 2500
25 929 625
25 26 625 28 625 147 625 203 625 271 625 408 625 579 625 634 625 655 625 829 625 854 625 924 625
25 9 625 272 625 381 625 394 625
25 317 1250 354 625 452 1250 503 625 632 1250
75 80 5625 123 5625 163 5625 253 5625 727 5625 862 5625 863 5625
50 151 3750 369 3750 384 3750 399 2500 407 2500 412 3750 468 3750 677 3750 760 2500 884 2500
50 58 2500 72 2500 405 2500 416 2500 697 2500 858 2500 971 2500
25 288 625 295 625 417 625 757 625 788 625 840 625 983 625
50 91 2500 290 1250 357 2500 826 2500 965 1250
25 68 625 113 625 453 625 457 625 810 625
25 143 625 681 625 687 625 728 625 802 625 881 625
75 87 5625 517 5625 781 5625 894 5625
75 349 5625 744 5625
75 463 5625 814 5625
50 165 2500 530 2500 627 2500 645 2500 668 2500
25 32 625 226 625 242 625 268 625 288 625 512 625 837 625 901 625 997 625
25 225 625 314 625 436 625 512 625 527 625 542 625 591 625 595 625 721 625 738 625 771 625 901 625
25 465 625 542 625 591 625 721 625
50 19 2500 198 2500 667 2500 747 2500 785 2500 982 2500 988 2500
50 179 2500
25 88 625 260 1250 628 625 650 625 749 625 782 625 792 1250 936 625 970 625 980 625
75 604 5625 692 5625 838 5625
25 8 625 27 625 46 625 145 625 158 625 344 625 350 625 393 625 494 625 601 625 678 625 803 625
50 202 2500 257 2500 421 2500 475 2500 497 2500 899 2500
50 34 2500 566 2500 753 2500
50 317 2500 383 2500
75 604 5625 692 5625 772 5625 787 5625
25 498 625 666 625 816 625 855 625 972 625
75 80 5625 253 5625 447 5625 863 5625
75 289 5625 323 5625 493 5625 578 5625 644 5625
50 12 2500 63 2500 286 2500 691 2500 820 2500
25 352 625 479 625 808 625
25 225 625 268 625 831 625 837 625 901 625 997 625
50 102 2500 209 2500 302 2500 379 2500 414 2500 749 1250 954 2500
50 174 2500 372 2500 377 2500 386 2500 428 2500 437 2500
50 345 2500 515 2500 828 2500
25 192 625 247 625 288 625 363 625 378 625 418 625 545 625 752 625 860 625 942 625 968 625
25 50 625 184 625 246 625 288 625 363 625 596 625 678 625 968 625
75 66 5625 347 5625 522 5625 581 5625 922 5625
75 371 5625 456 5625 483 5625 510 5625 523 5625 588 5625 866 5625 891 5625 963 5625
75 449 5625 514 5625 531 5625 630 5625 673 5625 885 5625
50 37 2500 620 2500 647 2500 748 2500 822 2500 848 2500 879 2500
50 35 2500 117 2500 168 2500 376 2500 606 2500 736 2500 805 2500 817 2500
75 163 5625 214 5625 238 5625 863 5625 937 5625
25 585 625
50 139 2500 515 2500 651 2500
25 1 625 86 625 464 625 486 625 710 625 776 625 898 625 944 625
50 233 2500 421 2500 475 2500 497 2500 899 2500
25 436 625 771 625
25 262 625 281 625 332 625 476 625 526 625 585 625 634 625 934 625 987 625
50 179 2500 230 1250 357 2500 562 3750 768 2500 935 2500
25 337 625 424 625 511 625 607 625 663 1250 675 625 690 1250 711 625 769 1250 836 625
25 259 625 332 625 476 625 593 625
50 6 2500 20 2500 60 2500 313 2500 422 2500 448 2500 489 2500 665 2500
25 311 625 466 625 609 625 693 625 695 625 850 625 902 625
25 92 625 675 625 711 625 765 625 784 625
50 14 2500 155 2500 328 3750 401 2500 413 3750 777 3750 932 2500 941 2500
50 718 2500 882 2500 888 3750
25 225 625 242 625 837 625 997 625
25 103 625 362 625 544 625 774 625
25 1 625 486 625 635 625 740 625 784 625
25 26 625 28 625 46 625 100 625 147 625 185 625 203 625 211 625 579 625 655 625 829 625
25 9 625 150 625 212 625 381 625
25 109 625
25 460 625 770 625 832 625 851 625
75 360 5625 461 5625 590 5625
25 64 625 344 625 482 625 670 625
25 149 625 318 625 610 625
75 137 5625 153 5625 176 5625 348 5625 945 5625 977 5625
25 111 625 190 625 312 625 358 625 395 625 480 625 623 625
25 
25 3 625 259 625 284 625 343 625 560 625 808 625 956 625
25 389 625 408 625 444 625 634 625 643 625 791 625 834 625 928 625
50 174 2500 561 2500 745 2500 778 2500 819 2500
25 3 625 187 625 281 625 343 625 571 625 572 625 587 625 883 625 979 625
75 106 5625 536 5625 597 5625 611 5625 904 5625 915 5625
50 63 2500 240 2500 691 2500
75 154 5625 205 5625 671 5625
25 50 625 217 625 225 625 246 625 247 625 295 625 417 625 596 625 758 625 788 625 840 625 983 625
75 123 5625 239 5625 467 5625 495 5625 562 5625 644 5625 731 5625 783 5625
25 77 625 218 1250 357 1250 826 1250 833 625 965 625
25 7 625 125 625 306 625 329 625 469 625 906 625
75 199 5625 305 5625 320 5625 553 5625 673 5625 916 5625 962 5625
75 154 5625 316 5625 330 5625 432 5625 522 5625 671 5625 812 5625 919 5625
50 15 2500 165 2500 685 2500
25 217 625 288 625 757 625 788 625 840 625 952 625 983 625
25 299 625 709 625 978 625 995 625
25 355 625 549 625 601 625 794 625 961 625
75 189 5625 336 5625 438 5625 619 5625 755 5625 923 5625
25 296 625 400 625 513 625 541 625 709 625 978 625
50 45 2500 99 2500 165 2500 186 2500 530 2500 668 2500 732 2500 867 2500
25 125 625 329 625 650 625 782 625 906 625 936 625
50 102 2500 209 2500 243 2500 414 2500 474 2500 935 2500 954 2500
50 484 2500 511 1250 642 2500 663 2500 769 2500
25 308 625 540 625 547 625 598 625 890 625 992 625
75 47 5625 188 5625 199 5625 292 5625 310 5625 489 3750 548 5625 601 1875 602 5625 630 5625 673 5625 904 5625 916 5625
25 7 625 62 625 291 625 469 625
75 59 5625 85 5625 157 5625 539 5625 787 5625
25 304 625 343 625 479 625 540 625 547 625 559 625 762 625 808 625 905 625 992 625
75 435 5625 775 5625
75 74 5625 101 5625 305 5625 463 5625 531 5625 630 5625 975 5625
25 56 625 81 625 181 625 201 625 264 625 408 625 466 625 496 625 502 625 649 625 693 625 695 625 863 1875 902 625 953 625 970 625
25 111 625 148 625 190 625 279 625 480 625 623 625 973 625
50 6 2500 20 2500 60 2500 72 2500 119 2500 263 2500 405 2500 422 2500 448 2500 489 2500 554 1250 665 2500 730 2500 807 1250 971 2500
25 32 625 39 625 226 625 346 625 527 625 591 625 592 625 595 625 652 625 729 625 739 625 742 625
25 166 625 333 625 374 625 392 625 454 625 504 625 767 1250 830 625
75 293 5625 330 5625 671 5625 812 5625
50 213 1250 235 2500 354 1250 504 1250 830 1250
25 149 625 277 625 610 625 938 625
25 146 625 500 625 887 625
75 69 5625 199 5625 292 5625 536 5625 916 5625 962 5625
75 51 5625 335 5625 641 5625 783 5625
75 640 5625 857 5625 907 5625
75 239 5625 493 5625 578 5625 644 5625 903 5625
50 122 2500 177 2500 487 2500 847 2500 880 2500 930 2500
25 3 625 175 625 375 625 571 625 629 625
25 159 625
25 166 625 341 625 374 625
75 14 3750 116 5625 155 3750 266 3750 413 5625 777 5625 941 3750
25 125 625 291 625 301 625 469 625 782 625 906 625
75 154 5625 205 5625 293 5625 316 5625 522 5625 671 5625 711 1875 812 5625 919 5625
25 3 625 175 625 375 625 431 625 533 625 629 625
25 259 625 262 625 476 625 526 625
25 166 625 315 625 374 625 392 625 454 625 491 625 504 625
25 79 625 470 625 485 625 600 625 703 625 853 625
75 33 5625 108 5625 321 5625 551 5625 818 5625 937 5625
75 189 5625 298 5625 438 5625 619 5625 750 5625 755 5625 923 5625
25 110 1250 261 625 396 625 424 625 511 625 607 625 675 625 690 1250 711 625 740 625 836 625
75 204 5625 543 5625
25 637 625 689 625
75 388 5625 412 5625 636 3750 680 3750
25 327 625 374 625 830 625 985 625
50 701 2500 708 2500 716 2500
25 187 625 281 625 284 625 308 625 479 625 546 625 559 625 808 625 905 625 956 625
25 46 625 145 625 232 625 276 625 350 625 633 625 678 625 883 625 979 625
50 135 2500 245 2500 484 2500 511 1250 769 2500
25 32 625 314 625 496 625 512 625 525 625 527 625 532 625 592 625 652 625 659 625 742 625 901 625
75 248 5625 427 5625 846 5625 861 5625 922 5625 959 5625
75 137 5625 153 5625 176 5625 278 5625 945 5625 977 5625
75 222 5625 744 5625 849 5625
25 27 625 46 625 76 625 145 625 158 625 232 625 344 625 355 625 494 625 633 625 678 625 737 625 803 625 961 625
75 141 5625 172 5625 492 5625 698 5625
25 241 625
25 197 625 635 625 740 625 786 625
25 213 625 317 1250 503 625 632 1250
25 76 625 145 625 297 625 350 625 549 625 601 625 678 625 694 625 940 625 961 625
75 104 5625 447 5625
50 77 1250 91 2500 179 2500 218 2500 260 2500 290 1250 826 2500 965 1250
25 56 625 111 625 148 625 181 625 279 625 609 625 623 625 693 625 953 625
50 93 2500 191 2500 380 2500 396 1250 415 2500 441 2500 477 2500 538 1250 565 2500 724 2500 800 2500
75 275 5625 461 5625 590 5625 946 5625
75 105 5625 153 5625 172 5625 176 5625 492 5625 576 5625 698 5625 1000 5625
25 103 625 269 625 774 625 813 625
25 50 625 246 625 247 625 418 625 545 625 942 625 968 625
75 167 5625
50 83 2500 599 2500 676 2500 680 2500 796 2500 877 2500
75 153 5625 459 5625 617 5625 977 5625
75 481 5625 664 5625
75 59 5625 157 5625 433 5625 539 5625 967 5625
75 36 5625 151 5625 215 3750 384 5625 399 3750 412 5625 468 5625 624 5625 677 5625 750 5625 927 5625
25 583 625
75 249 5625 456 5625 483 5625 510 5625 523 5625 665 3750 871 5625 891 5625
50 244 2500 386 2500 421 2500 437 2500 711 1250
25 501 625 513 625 541 625 726 625 991 625
25 166 625 315 625 327 625 333 625 341 625 454 625
25 3 625 175 625 325 625 331 625 571 625 629 625
50 35 2500 117 2500 168 2500 252 2500 651 2500 713 2500 724 2500 736 2500 805 2500
50 174 2500 244 2500 386 2500 428 2500 437 2500 505 2500
25 41 625 246 625 418 625 545 625 568 625 752 625 860 625
50 102 2500 243 2500 414 2500 749 1250 792 2500 954 2500
50 93 2500 97 2500 191 2500 359 2500 396 1250 415 2500 430 2500 441 2500 642 2500 724 2500 769 2500 800 2500
25 9 625 212 625 272 625 394 625
25 496 625 850 625
50 53 2500 193 2500 235 2500
75 36 5625 151 5625 215 3750 369 5625 399 3750 412 5625 468 5625 624 5625 675 1875 677 5625 927 5625
75 619 5625 669 5625 999 5625
50 174 2500 202 2500 244 2500 372 2500 377 2500 437 2500 505 2500 529 2500 745 2500
25 18 625 61 625 81 625
75 340 5625 636 3750 705 5625 720 5625 888 5625
25 38 625 49 625 282 625 408 625 634 625 643 625 944 625
75 2 5625 161 5625 779 5625
50 706 3750 996 2500
25 166 625 315 625 333 625 454 625 504 625 767 1250 830 625
25 27 625 232 625 494 625 803 625
25 9 625 212 625 381 625 735 625 895 625 913 625
25 190 625 279 625 623 625 856 625 973 625
25 114 625 205 1875 337 625 359 1250 380 1250 408 625 464 625 486 625 516 625 634 625 670 625 710 625 740 625 776 625 806 625 898 625
75 29 5625 154 5625 205 5625 409 5625 963 5625 981 5625
75 90 5625 94 5625 404 5625 564 5625 717 5625 719 5625 761 5625
50 215 2500 369 3750 384 3750 412 3750 468 3750 624 3750 677 3750 870 2500 884 2500
25 299 625 765 625
50 14 2500 155 2500 266 2500 488 2500 865 2500 932 2500 941 2500
50 34 2500 126 2500 202 2500 566 2500 819 2500 949 2500
75 13 5625 31 5625 131 5625 654 5625 823 5625 878 5625 919 5625
75 33 5625 58 3750 72 3750 90 5625 94 5625 398 5625 564 5625 717 5625 719 5625 761 5625 818 5625 863 5625 873 5625
50 58 2500 165 2500 216 2500 313 2500 422 2500 489 2500 665 2500 677 3750 697 2500 719 3750 761 3750 858 2500 988 2500
75 723 5625 925 5625
50 194 2500 215 2500 422 2500 442 2500 760 2500
25 38 625 49 625 211 625 282 625 311 625 389 625 396 625 444 625 521 625 626 625 634 625 643 625 740 625 944 625 948 625 987 625
75 29 5625 397 5625 866 5625 963 5625 981 5625
25 22 625 586 625 733 625
50 12 2500 183 2500 506 2500 535 2500 557 2500 627 2500 820 2500 957 2500
75 215 3750 340 5625 369 5625 384 5625 399 3750 434 3750 624 5625 677 5625 750 5625 884 3750
75 14 3750 116 5625 155 3750 266 3750 328 5625 777 5625 932 3750 941 3750
50 102 2500 243 2500 302 2500 379 2500 749 1250 954 2500
50 93 2500 97 2500 359 2500 380 2500 430 2500 642 2500 817 2500
50 33 3750 72 2500 216 2500 858 2500 971 2500
25 84 625 173 625 184 625 217 625 288 625 596 625 758 625 788 625 840 625 917 625 983 625
25 246 625 363 625 378 625 545 625 752 625 860 625 942 625 968 625
75 432 5625 522 5625 580 5625
25 115 625 124 625 127 625 677 1875
50 202 2500 233 2500 257 2500 372 2500 899 2500
50 20 2500 73 2500 110 2500 160 2500 263 2500 313 2500 405 2500 407 2500 442 2500 489 2500 537 2500 665 2500 761 3750 793 2500 886 2500 960 2500
75 89 5625 763 5625 857 5625 872 5625 946 5625
25 110 1250 261 625 337 625 511 625 607 625 675 625 690 1250 711 625 836 625
75 47 5625 188 5625 490 5625 839 5625 990 5625
25 171 625 947 625
75 347 5625 580 5625 846 5625 861 5625 959 5625
50 117 2500 244 2500 377 2500 437 2500 505 2500
75 63 3750 707 3750 751 5625 875 5625
50 93 2500 97 2500 380 2500 415 2500 515 2500 828 2500
25 331 625 533 625 844 625 893 625
75 293 5625 419 5625 522 5625 812 5625
75 59 5625 368 5625 967 5625
50 19 2500 198 2500 412 3750 474 2500 667 2500 768 2500 792 2500 954 2500 980 1250 982 2500 988 2500
75 309 5625 660 5625 775 5625
25 226 625 258 625 771 625
50 117 2500 244 2500 372 2500 377 2500 386 2500 428 2500 505 2500 529 2500 724 2500
75 298 5625 336 5625 619 5625 755 5625 923 5625
50 452 2500 478 2500
75 85 5625 180 5625 548 5625 602 5625 673 5625 798 5625 815 5625 841 5625 904 5625 916 5625
50 191 2500 359 2500 380 2500 477 2500 478 2500 538 1250 565 2500 606 2500 724 2500 800 2500
50 57 2500 160 2500 194 2500 407 2500 422 2500 793 2500 886 2500
25 39 625 591 625 688 625 729 625 743 625
25 38 625 49 625 282 625 408 625 521 625 626 625 634 625 643 625 791 625 928 625
50 58 2500 622 2500 697 2500 827 2500 858 2500
50 534 2500 741 2500
75 80 5625 238 5625 356 5625 897 5625
50 6 2500 20 2500 60 2500 119 2500 263 2500 313 2500 730 2500 982 2500
75 250 5625 514 5625 531 5625 630 5625 804 5625 859 5625 885 5625
25 128 625 455 625 694 625 737 625 889 625 940 625 952 625
75 640 5625 772 5625 845 5625 907 5625
50 213 1250 439 2500 632 2500
25 68 625 219 625 457 625 683 625 810 625 929 625
25 166 625 315 625 333 625 374 625 392 625 504 625 767 1250 830 625
25 96 625 128 625 192 625 450 625 737 625 940 625 952 625
75 249 5625 371 5625 510 5625 523 5625 891 5625
25 68 625 113 625 219 625 453 625 465 625 542 625 810 625
25 156 625 201 625 625 625
75 153 5625 366 5625 617 5625 977 5625
25 274 625 770 625 832 625 851 625 943 625
75 275 5625 360 5625 590 5625 669 5625
50 53 2500 594 2500
75 101 5625 223 5625 310 5625 531 5625 814 5625 975 5625
25 1 625 256 625 396 625 486 625 516 625 570 625 710 625
25 113 625 227 625 457 625 542 625 721 625
25 181 625 264 625 311 625 609 625 693 625 695 625 850 625
75 51 5625 123 5625 182 5625 289 5625 731 5625 783 5625 809 5625
75 36 5625 151 5625 215 3750 369 5625 384 5625 399 3750 677 5625 927 5625 974 5625
25 7 625 75 625 125 625 291 625 306 625 329 625 782 625 906 625
25 79 625 334 625 567 625 703 625 853 625
25 24 625 76 625 586 625 733 625
75 967 5625
50 10 2500 118 3750 620 2500 653 2500 661 3750 707 2500 976 2500 996 2500
50 198 2500 209 2500 302 2500 434 2500 667 2500 768 2500 954 2500
50 140 2500 233 2500 257 2500 497 2500 612 2500 986 2500
25 259 625 262 625 332 625
50 191 2500 359 2500 441 2500 538 1250
50 439 2500 441 2500 800 2500
25 241 625 308 625 343 625 808 625 905 625
25 111 625 148 625 279 625 312 625
75 98 5625 367 5625 621 5625 766 5625
25 64 625 276 625 670 625 883 625
75 249 5625 371 5625 510 5625 523 5625 588 5625 866 5625 871 5625 891 5625
50 303 2500 345 2500 663 2500 769 2500
25 70 625 79 625 132 625 334 625 558 625 600 625 994 625
25 1 625 86 625 256 625 270 625 396 625 464 625 570 625 710 625 740 625
50 99 2500 122 2500 324 2500 847 2500 880 2500 930 2500
50 401 2500 865 2500 932 2500
50 20 2500 58 2500 160 2500 263 2500 305 3750 313 2500 405 2500 422 2500 511 1250 537 2500 622 2500 665 2500 719 3750 761 3750 793 2500 803 1250 971 2500
75 47 5625 116 5625 425 5625 990 5625
25 11 625 333 625 504 625 637 625
75 71 5625 104 5625 195 5625 351 5625 361 5625 576 5625 698 5625 878 5625 919 5625 1000 5625
75 239 5625 323 5625 644 5625
25 8 625 27 625 46 625 145 625 158 625 232 625 350 625 393 625 633 625 678 625 803 625
75 29 5625 123 5625 182 5625 200 5625 289 5625 644 5625 731 5625 809 5625 862 5625 871 5625
25 32 625 311 625 346 625 382 625 512 625 532 625 592 625 652 625 659 625 693 625 742 625 856 625
50 233 2500 257 2500 475 2500
25 11 625 237 625 504 625 512 625 637 625 666 625 689 625 816 625 855 625 972 625
75 36 5625 750 5625 896 5625 927 5625 974 5625
25 146 625 319 625 887 625
25 171 625 373 625 513 625 711 625 740 625 948 625 991 625
25 181 625 311 625 625 625 649 625 693 625 902 625 953 625
25 11 625 213 625 354 625
25 166 625 315 625 317 1250 333 625 392 625 454 625 491 625 498 625 767 1250 830 625
50 377 2500 386 2500 428 2500 437 2500 745 2500
50 183 2500 411 2500 535 2500 557 2500 627 2500 645 2500 820 2500 957 2500
50 135 2500 573 2500 725 2500
75 25 5625 706 5625 799 5625 911 5625 955 5625
25 
75 249 5625 371 5625 456 5625 483 5625 523 5625 588 5625 871 5625 891 5625
25 261 625 303 1250 337 625 345 1250 424 625 489 1250 663 1250 710 625 769 1250
25 32 625 225 625 226 625 346 625 496 625 498 625 525 625 527 625 530 1250 592 625 595 625 721 625 742 625 835 625 901 625
25 171 625 172 1875 299 625 373 625 501 625 726 625 991 625
75 250 5625 449 5625 804 5625 885 5625
50 97 2500 139 2500 245 2500 255 2500 430 2500 828 2500
25 114 625 396 625 464 625 570 625 710 625 776 625 806 625 898 625
75 42 5625 221 5625 746 5625 894 5625
25 17 625 28 625 55 625 795 625 924 625
75 21 5625 30 5625 701 3750 756 5625
75 608 5625 682 5625
25 38 625 408 625 444 625 626 625 634 625 643 625
75 66 5625 248 5625 293 5625 330 5625 419 5625 432 5625 812 5625
75 249 5625 371 5625 456 5625 483 5625 510 5625 588 5625 866 5625 891 5625
75 136 5625
25 32 625 346 625 512 625 527 625 652 625
25 48 625 259 625 332 625 585 625 634 625 791 625 987 625
25 32 625 226 625 314 625 346 625 512 625 525 625 591 625 592 625 595 625 652 625 698 1875 729 625 739 625 742 625 901 625
25 657 625 683 625 912 625
50 117 2500 386 2500 437 2500 651 2500
50 37 2500 99 2500 165 2500 186 2500 224 2500 300 2500 512 1250 668 2500 867 2500 989 2500
75 74 5625 250 5625 310 5625 449 5625 463 5625 630 5625 975 5625
25 43 625 346 625 496 625 652 625 659 625
25 331 625 431 625 844 625 893 625
50 446 2500 741 2500
50 12 2500 183 2500 411 2500 506 2500 557 2500 627 2500 820 2500 957 2500
75 199 5625 285 5625 320 5625 602 5625 611 5625 904 5625 916 5625 962 5625
50 160 2500 422 2500 489 2500 665 2500 793 2500
25 191 1250 359 1250 441 1250 477 1250
75 59 5625 72 3750 85 5625 157 5625 180 5625 307 5625 368 5625 548 5625 602 5625
25 304 625 308 625 762 625 808 625 905 625
25 299 625 373 625 709 625 726 625 978 625
25 113 625 226 625 227 625 457 625 465 625 591 625 595 625 721 625
75 338 5625 775 5625
25 103 625 269 625 950 625
25 246 625 363 625 378 625 418 625 860 625 942 625 968 625
25 187 625 343 625 559 625 587 625 992 625
25 145 625 304 625 308 625 549 625 598 625 890 625 905 625 961 625 992 625
75 85 5625 180 5625 305 5625 440 5625 539 5625 602 5625 611 5625 673 5625 841 5625 858 3750 904 5625 916 5625
25 297 625 355 625 547 625 601 625 794 625 961 625 979 625
25 144 1250 807 625 933 625
75 4 5625 33 5625 108 5625 335 5625 641 5625
75 136 5625 684 5625 744 5625 763 5625 845 5625 849 5625
75 199 5625 292 5625 630 5625 673 5625 916 5625 962 5625
25 313 1250 584 625 807 625 933 625
50 868 2500
25 569 625 650 625 780 625 790 625 914 625 936 625
50 10 2500 183 2500 411 2500 506 2500 535 2500 627 2500
25 79 625 132 625 485 625 600 625 895 625 994 625
25 308 625 343 625 546 625 808 625 905 625 992 625
25 281 625 956 625
50 34 2500 126 2500 174 2500 283 2500 745 2500 819 2500
75 72 3750 112 5625 179 3750 260 3750 289 5625 574 5625 731 5625 768 3750 785 3750 862 5625 971 3750 988 3750
75 130 5625 167 5625 196 5625 704 5625 861 5625 959 5625 1000 5625
75 90 5625 398 5625 404 5625 699 5625 719 5625 761 5625 961 1875
50 93 2500 168 2500 359 2500 441 2500 606 2500 736 2500 800 2500 805 2500 817 2500
50 34 2500 126 2500 234 2500 402 2500 753 2500 819 2500 949 2500
25 169 625 470 625 807 625
25 41 625 378 625 752 625
25 556 625 650 625 672 625 780 625 874 625 914 625 936 625
25 86 625 114 625 464 625 486 625 516 625 710 625 776 625 806 625 898 625
25 3 625 175 625 284 625 325 625 375 625 572 625 670 625
25 64 625 284 625 571 625 587 625 883 625 979 625
50 110 2500 507 2500 725 2500
75 112 5625 562 5625 578 5625
75 25 5625 30 5625 799 5625 951 5625
75 361 5625 492 5625 698 5625 734 5625 864 5625
25 856 625
75 239 5625 323 5625 574 5625 644 5625 903 5625
25 26 625 28 625 100 625 147 625 203 625 211 625 271 625 655 625 829 625 854 625
75 419 5625 427 5625
75 66 5625 133 5625 141 5625 152 5625 172 5625 248 5625 631 5625 922 5625 1000 5625
25 648 625
25 370 625 657 625
25 554 625 789 1250 807 625 933 625
25 254 625 259 625 526 625 987 625
25 22 625 24 625 76 625 410 625 471 625 694 625 733 625
25 187 625 284 625 546 625 572 625 883 625 979 625
75 249 5625 483 5625 510 5625 523 5625 866 5625 871 5625 891 5625
25 592 625 650 625 662 625 688 625 721 625 729 625 742 625 743 625 929 625 936 625
75 275 5625 360 5625 461 5625
25 113 625 152 1875 226 625 227 625 314 625 443 625 527 625 542 625 592 625 595 625 609 625 721 625 739 625 743 625
25 39 625 314 625 346 625 496 625 512 625 527 625 589 625 591 625 595 625 623 625 650 625 652 625 665 1250 721 625 729 625 737 625 739 625 742 625
25 262 625 943 625
50 462 2500
25 39 625 226 625 314 625 512 625 527 625 542 625 591 625 592 625 721 625 729 625 738 625 739 625 742 625
25 54 625 84 625 173 625 184 625 203 625 247 625 288 625 417 625 696 625 758 625 917 625 920 625
75 106 5625 285 5625 611 5625 674 5625 824 5625 892 5625 904 5625 915 5625
25 304 625 547 625 890 625 992 625
50 83 2500 365 2500 676 2500 796 2500 877 2500
25 79 625 334 625 485 625 558 625 994 625
25 46 625 145 625 232 625 297 625 305 1875 355 625 549 625 678 625 694 625 737 625 794 625 961 625 979 625
75 180 5625 305 5625 440 5625 536 5625 539 5625 548 5625 611 5625 673 5625 904 5625 916 5625 962 5625
50 91 2500 605 2500 842 2500 852 2500
75 231 5625 236 5625 692 5625 787 5625 838 5625
50 603 2500 842 2500 852 2500
50 35 2500 93 2500 168 2500 252 2500 441 2500 565 2500 736 2500 800 2500 805 2500 817 2500 838 3750
25 49 625 92 625 110 1250 261 625 337 625 424 625 675 625 711 625 836 625
75 21 5625 520 5625
25 56 625 181 625 264 625 358 625 466 625 591 625 649 625 693 625 695 625 902 625
25 149 625 277 625 318 625 938 625
75 106 5625 180 5625 285 5625 536 5625 548 5625 597 5625 602 5625 824 5625 904 5625 916 5625
50 140 2500 475 2500 986 2500
50 73 2500 194 2500 960 2500
75 123 5625 131 5625 727 5625 843 5625
25 55 625 203 625 924 625
50 144 2500 789 2500 933 1250
75 153 5625 366 5625 459 5625 977 5625
25 62 625 970 625
75 189 5625 298 5625 336 5625 385 5625 438 5625 755 5625 923 5625
50 118 3750 251 2500 473 2500 707 2500 996 2500
75 98 5625 481 5625 766 5625
50 58 2500 160 2500 445 2500 489 2500 697 2500 793 2500 827 2500
25 111 625 190 625 279 625 312 625 358 625 395 625 592 625 973 625
75 369 5625 384 5625 399 3750 412 5625 677 5625 884 3750
25 458 625 502 625
25 38 625 408 625 444 625 521 625 634 625
50 165 2500 183 2500 224 2500 411 2500 506 2500 535 2500 557 2500 645 2500 957 2500
25 88 625 230 625 722 625 782 625
25 3 625 175 625 325 625 331 625 375 625
75 250 5625 305 5625 310 5625 449 5625 531 5625 553 5625 673 5625
75 66 5625 133 5625 141 5625 152 5625 172 5625 581 5625 698 5625 1000 5625
50 213 1250 354 1250 452 2500
25 46 625 145 625 158 625 344 625 350 625 494 625 678 625
25 38 625 49 625 211 625 259 625 282 625 389 625 396 625 408 625 444 625 521 625 526 625 626 625 643 625 740 625 948 625 987 625
25 1 625 270 625 353 625 740 625 784 625 786 625
50 340 3750 388 3750 680 2500
25 11 625 339 625 491 625 498 625 689 625
75 87 5625 966 5625
75 824 5625 892 5625 915 5625
75 322 5625 451 5625 845 5625 857 5625 907 5625
75 4 5625 321 5625 551 5625 783 5625
50 303 2500 380 2500 415 2500 769 2500
25 38 625 49 625 282 625 389 625 408 625 444 625 521 625 634 625 928 625 944 625
75 239 5625 289 5625 323 5625 493 5625 495 5625 578 5625 731 5625
50 183 2500 224 2500 506 2500 627 2500 957 2500
75 95 5625 700 5625 931 5625
50 251 2500 748 2500 848 2500 879 2500 996 2500
25 582 625
25 181 625 311 625 502 625 609 625 693 625 902 625 953 625
25 88 625 230 625 301 625 556 625 569 625 589 625 592 625 782 625 790 625 874 625 914 625 936 625
50 255 2500 376 2500 529 2500 713 2500 724 2500
25 23 625 32 625 43 625 205 1875 314 625 346 625 496 625 525 625 527 625 532 625 592 625 659 625 742 625
50 118 3750 473 2500 661 3750 707 2500 976 2500
75 31 5625 403 5625 714 5625 878 5625 958 5625
25 26 625 28 625 100 625 147 625 211 625 271 625 579 625 829 625 854 625
25 115 625 124 625 127 625
25 528 625 583 625 912 625
75 712 5625 754 5625 875 5625 964 5625
25 346 625 496 625 532 625 652 625
75 435 5625 775 5625
75 118 5625 473 3750 653 3750 707 3750 976 3750
25 589 625 688 625 743 625
50 261 1250 303 2500 484 2500 511 1250 769 2500
75 367 5625
50 20 2500 58 2500 72 2500 73 2500 110 2500 160 2500 263 2500 313 2500 371 3750 405 2500 422 2500 489 2500 537 2500 592 1250 761 3750 793 2500 952 1250 971 2500
25 237 625 498 625 816 625 972 625
50 19 2500 198 2500 209 2500 228 2500 434 2500 474 2500
50 37 2500 45 2500 99 2500 165 2500 186 2500 224 2500 300 2500 530 2500 685 2500 867 2500 989 2500
75 385 5625 461 5625 999 5625
25 64 625 276 625 396 625 482 625 571 625 883 625
75 154 5625 205 5625 287 5625 293 5625 316 5625 330 5625 919 5625 958 5625
25 569 625 780 625 833 625 874 625 969 625
75 250 5625 292 5625 305 5625 440 5625 548 5625 553 5625 602 5625 630 5625 885 5625 916 5625
75 42 5625 106 5625 597 5625 824 5625
25 92 625 100 625 261 625 265 625 337 625 384 1875 424 625 607 625 711 625 784 625 836 625
50 83 2500 365 2500 599 2500 718 2500 796 2500
75 215 3750 369 5625 384 5625 399 3750 405 3750 412 5625 420 1875 468 5625 624 5625 884 3750 927 5625
25 8 625 27 625 46 625 76 625 145 625 158 625 232 625 247 625 344 625 350 625 355 625 494 625 601 625 633 625 803 625
75 105 5625 130 5625
50 340 3750 365 2500 636 2500
25 143 625 220 625 687 625 728 625 802 625 968 625
75 65 5625 520 5625 839 5625
25 113 625 453 625 528 625 810 625 929 625
75 136 5625 552 5625 849 5625
50 45 2500 165 2500 186 2500 294 2500 668 2500
25 43 625 75 625 134 625 702 625
25 143 625 220 625 681 625 728 625 802 625
25 443 625 589 625 662 625 743 625
25 339 625 498 625 637 625
50 261 1250 337 1250 424 1250 836 1250
50 12 2500 63 2500 240 2500 286 2500 820 2500
75 231 5625 236 5625 604 5625 787 5625 838 5625
25 56 625 72 1250 81 625 111 625 181 625 201 625 264 625 311 625 358 625 466 625 496 625 502 625 609 625 649 625 902 625 953 625
25 24 625 76 625 106 1875 128 625 192 625 355 625 450 625 586 625 601 625 737 625 889 625 940 625 961 625
25 181 625 264 625 311 625 466 625 609 625 850 625
25 54 625 84 625 203 625 596 625 917 625 920 625
50 58 2500 72 2500 216 2500 405 2500 445 2500 622 2500 827 2500 858 2500
75 141 5625 152 5625 351 5625 361 5625 492 5625 527 1875 576 5625 631 5625 1000 5625
75 94 5625 564 5625 773 5625
75 95 5625 104 5625 189 5625 646 5625 755 5625 876 5625 931 5625 939 5625
50 342 2500 519 3750 708 2500
25 23 625 43 625 70 625 686 625
25 7 625 62 625 334 625 470 625 853 625
75 196 5625 563 5625 861 5625 959 5625
75 388 5625 720 5625 888 5625
75 25 5625 391 3750 508 5625 799 5625
50 63 2500 429 3750 473 2500 620 2500 653 2500 661 3750 751 3750 976 2500
50 342 2500 701 2500
25 296 625 299 625 541 625 726 625 978 625
25 1 625 256 625 396 625 464 625 486 625 511 625 516 625 570 625
25 92 625 261 625 265 625 330 1875 337 625 372 1250 424 625 501 625 607 625 675 625 740 625 765 625
75 658 5625 875 5625 964 5625
50 376 2500 651 2500 724 2500
75 654 5625 981 5625
75 89 5625
50 342 2500
75 398 5625 404 5625 719 5625 818 5625 873 5625
50 83 2500 267 2500 676 2500
75 72 3750 90 5625 94 5625 189 5625 398 5625 404 5625 405 3750 489 3750 564 5625 717 5625 761 5625 818 5625 862 5625 863 5625 873 5625 876 5625 971 3750
75 388 5625 705 5625 888 5625
25 113 625 226 625 227 625 465 625 512 625 542 625 589 625 591 625 592 625 595 625 729 625 742 625 743 625 929 625
25 88 625 628 625
75 89 5625 136 5625 167 5625 406 5625
50 117 2500 160 2500 359 2500 376 2500 380 2500 437 2500 441 2500 651 2500 713 2500
50 110 2500 135 2500 507 2500 573 2500
25 171 625 373 625 513 625 541 625 709 625
75 104 5625 123 5625 214 5625 614 5625 843 5625 862 5625
25 143 625 220 625 681 625 687 625
25 39 625 314 625 443 625 527 625 589 625 592 625 595 625 721 625 739 625 742 625 743 625 830 625
50 6 2500 119 2500 313 2500 448 2500 789 2500
75 51 5625 123 5625 289 5625 467 5625 495 5625 562 5625 644 5625 783 5625 862 5625
50 99 2500 186 2500 300 2500 867 2500 989 2500
25 24 625 76 625 410 625 471 625 586 625
75 71 5625 576 5625 864 5625
25 132 625 394 625 895 625 913 625
50 35 2500 168 2500 252 2500 376 2500 565 2500 606 2500 800 2500 805 2500 817 2500
25 128 625 192 625 350 625 450 625 455 625 592 625 601 625 694 625 926 625 940 625 961 625
25 226 625 595 625 771 625
25 39 625 314 625 527 625 591 625 592 625 595 625 729 625 742 625
25 197 625 270 625 337 625 353 625 396 625 408 625 486 625 501 625 634 625 635 625 711 625 786 625 948 625 987 625
50 446 2500 534 2500
25 39 625 314 625 346 625 496 625 512 625 527 625 589 625 592 625 595 625 652 625 721 625 729 625 739 625 883 625
25 443 625 589 625 591 625 662 625 688 625 721 625 729 625
75 222 5625 349 5625 552 5625 763 5625 845 5625 907 5625
50 126 2500 174 2500 202 2500 283 2500 386 2500 505 2500 561 2500 778 2500 819 2500
75 517 5625 894 5625
50 19 2500 178 2500 228 2500 971 2500 982 2500 988 2500
50 37 2500 251 2500 647 2500 848 2500 879 2500 996 2500
25 88 625 102 1250 230 625 243 1250 379 1250 414 1250 792 1250 980 625
75 36 5625 189 5625 336 5625 369 5625 412 5625 499 5625 761 5625 876 5625 896 5625 927 5625
75 63 3750 429 5625 707 3750 754 5625 911 5625
25 96 625 120 625 192 625 246 625 378 625 418 625 568 625 860 625
50 34 2500 67 2500 234 2500 566 2500
75 658 5625 751 5625 964 5625
75 189 5625 298 5625 336 5625 438 5625 619 5625 700 5625 876 5625
75 21 5625 519 5625
25 217 625 295 625 926 625 952 625 961 625 983 625
25 84 625 173 625 184 625 288 625 417 625 596 625 788 625 840 625 917 625 983 625
75 2 5625 161 5625 208 5625 911 5625 951 5625 955 5625
50 215 2500 407 2500 870 2500 884 2500
75 72 3750 90 5625 94 5625 189 5625 398 5625 404 5625 405 3750 422 3750 489 3750 564 5625 665 3750 719 5625 750 5625 863 5625 876 5625 927 5625
25 55 625 308 625 540 625 905 625
75 423 5625 552 5625 744 5625 845 5625 857 5625 907 5625
25 16 625
25 92 625 265 625 400 625 711 625 991 625
75 98 5625 481 5625 621 5625
50 53 2500 193 2500 315 1250 392 1250 454 1250 504 1250 830 1250
50 112 3750 179 2500 198 2500 260 2500 434 2500 474 2500 562 3750 988 2500
50 261 1250 303 2500 345 2500 380 2500 484 2500 511 1250 642 2500 663 2500
25 274 625 460 625 832 625 851 625
25 226 625 258 625 436 625 738 625
75 59 5625 157 5625 236 5625 451 5625
75 189 5625 699 5625 896 5625
25 103 625 269 625 362 625 813 625
75 309 5625 435 5625 543 5625 660 5625
25 86 625 114 625 256 625 396 625 516 625 570 625 898 625
75 14 3750 116 5625 155 3750 266 3750 328 5625 413 5625 869 5625
50 53 2500 193 2500 283 2500 745 2500
75 161 5625 390 5625
25 556 625 569 625 672 625 790 625 874 625 914 625 969 625
75 87 5625 221 5625 894 5625
25 88 625 230 625 301 625 329 625 469 625 628 625 650 625 906 625 936 625
75 51 5625 289 5625 321 5625 467 5625 641 5625 731 5625
25 265 625 270 625 635 625 675 625
50 112 3750 228 2500 562 3750
25 197 625 353 625 635 625 740 625
75 236 5625 307 5625 604 5625 692 5625
25 173 625 217 625 288 625 295 625 417 625 758 625 840 625 983 625
50 584 1250 616 2500 730 2500 933 1250
25 556 625 650 625 780 625 914 625 936 625
25 48 625 49 625 282 625 444 625 526 625 928 625 987 625
50 88 1250 102 2500 129 2500 230 1250 379 2500 434 2500 749 1250 970 1250 980 1250
50 160 2500 422 2500 442 2500 489 2500 537 2500 622 2500 665 2500 886 2500
25 297 625 549 625 601 625
25 17 625 48 625 518 625 834 625 924 625
50 83 2500 365 2500 599 2500 676 2500
50 67 2500
75 85 5625 180 5625 440 5625 841 5625
75 25 5625 30 5625 508 5625 575 5625 706 5625 951 5625
50 359 2500 380 2500 441 2500 478 2500 565 2500 606 2500 736 2500 817 2500
50 52 2500
25 143 625 220 625 681 625 687 625 881 625 918 625
25 8 625 27 625 46 625 145 625 158 625 232 625 350 625 393 625 489 1250 494 625 678 625
75 449 5625 514 5625 838 5625 859 5625 885 5625
50 35 2500 93 2500 168 2500 252 2500 376 2500 565 2500 606 2500 736 2500 817 2500
25 396 625 516 625 570 625
25 313 1250 550 625 554 625 567 625 584 625 933 625 970 625
25 241 625 281 625 308 625 343 625 479 625 540 625 559 625 905 625 956 625
75 182 5625 467 5625 495 5625 871 5625
25 113 625 219 625 453 625 457 625 683 625 912 625
25 201 625 207 625 908 625
75 66 5625 205 5625 293 5625 316 5625 330 5625 432 5625 522 5625 919 5625
25 362 625 774 625
75 223 5625 463 5625
75 121 5625 180 5625 440 5625 904 5625
25 237 625 498 625 666 625 972 625
50 72 2500 93 2500 168 2500 252 2500 415 2500 565 2500 606 2500 736 2500 800 2500 805 2500
75 33 5625 108 5625 183 3750 335 5625 404 5625 717 5625 719 5625 873 5625 937 5625
50 34 2500 126 2500 283 2500 402 2500 561 2500 566 2500 745 2500
50 12 2500 240 2500 411 2500 506 2500 535 2500 691 2500
75 946 5625
50 251 2500 879 2500
75 13 5625 31 5625 131 5625 195 5625 403 5625
75 42 5625 106 5625 597 5625 611 5625 639 5625 674 5625 892 5625 904 5625
25 
50 77 1250 91 2500 218 2500 290 1250 357 2500 965 1250
50 58 2500 445 2500 622 2500 697 2500 858 2500
50 97 2500 245 2500 430 2500 515 2500
25 26 625 147 625 211 625 271 625 579 625 655 625
25 53 1250 166 625 193 1250 315 625 317 1250 341 625 392 625 454 625 504 625 729 625 767 1250
25 242 625
25 274 625 460 625 770 625 943 625
25 77 625 290 625 672 625 874 625 965 625
25 17 625 28 625 48 625 49 625 282 625 795 625 928 625
25 512 625 909 625
25 261 625 337 625 424 625 607 625 675 625 690 1250
25 225 625 242 625 268 625 997 625
75 231 5625 604 5625 606 3750 692 5625 804 5625 885 5625
75 47 5625 65 5625 188 5625 425 5625 682 5625
25 50 625 217 625 288 625 295 625 417 625 758 625 788 625 983 625
75 180 5625 440 5625 548 5625 798 5625
50 91 2500 603 2500 605 2500 852 2500
75 614 5625 727 5625
25 431 625 533 625 893 625
75 89 5625 451 5625 552 5625 640 5625 744 5625 763 5625 857 5625 907 5625
75 347 5625 427 5625 861 5625 922 5625
50 122 2500 324 2500 487 2500 880 2500 900 2500 930 2500
50 15 2500 251 2500 647 2500 748 2500 996 2500
75 349 5625 552 5625 684 5625
25 264 625 382 625 466 625 695 625
25 274 625 460 625 770 625
50 91 2500 603 2500 605 2500 842 2500
25 334 625 470 625 703 625
25 26 625 28 625 211 625 579 625 655 625
25 11 625 237 625 498 625 972 625
25 395 625 496 625 577 625
75 322 5625 423 5625 640 5625 763 5625 845 5625 907 5625
50 58 2500 72 2500 216 2500 405 2500 416 2500 445 2500 548 3750 697 2500 827 2500 971 2500
75 74 5625 449 5625 804 5625 984 5625
25 96 625 192 625 246 625 378 625 418 625 545 625 752 625 942 625
75 196 5625 347 5625 427 5625 563 5625 704 5625 846 5625 922 5625 959 5625 1000 5625
75 51 5625 104 5625 123 5625 214 5625 495 5625 562 5625 719 5625 727 5625 731 5625 876 5625
75 72 3750 80 5625 94 5625 104 5625 189 5625 214 5625 238 5625 253 5625 311 1875 404 5625 719 5625 761 5625 873 5625 876 5625 937 5625
75 71 5625 576 5625 734 5625
50 401 2500 488 2500 932 2500
75 249 5625 409 5625 483 5625 523 5625 588 5625 891 5625 963 5625 981 5625
50 99 2500 186 2500 300 2500 530 2500 668 2500 732 2500 989 2500
50 555 2500
75 116 5625 777 5625 941 3750
50 399 2500 760 2500 877 2500 884 2500
75 371 5625 483 5625 495 5625 510 5625 588 5625 809 5625
75 423 5625 946 5625
75 404 5625 717 5625 719 5625 818 5625 863 5625 937 5625
25 77 625 569 625 650 625 672 625 780 625 833 625 936 625 969 625
75 429 5625 658 5625 712 5625 964 5625
75 5 5625 80 5625 104 5625 189 5625 700 5625 719 5625 750 5625 755 5625 761 5625 862 5625 863 5625 897 5625 939 5625
50 365 2500 599 2500 870 2500
75 31 5625 205 5625 403 5625 492 5625 654 5625 919 5625 958 5625
50 251 2500 647 2500 748 2500 822 2500
50 99 2500 122 2500 177 2500 324 2500 487 2500 847 2500 930 2500
25 143 625 220 625 802 625 918 625
50 267 2500
25 64 625 284 625 344 625 482 625 572 625 587 625 670 625 742 625 979 625
50 215 2500 399 2500 412 3750 624 3750 677 3750 760 2500 870 2500
75 250 5625 449 5625 514 5625 673 5625 804 5625 838 5625
50 57 2500 160 2500 422 2500 442 2500 793 2500
25 146 625 319 625 500 625
75 267 3750 388 5625 705 5625 720 5625
25 24 625 128 625 450 625 694 625
25 304 625 547 625 598 625 992 625
75 249 5625 371 5625 456 5625 483 5625 510 5625 523 5625 588 5625 866 5625 963 5625
75 106 5625 597 5625 639 5625 824 5625 915 5625
25 431 625 533 625 844 625 943 625
75 2 5625 221 5625 517 5625 746 5625 781 5625 911 5625
25 132 625 394 625 558 625 735 625 913 625 994 625
75 499 5625 750 5625 773 5625
75 5 5625 80 5625 95 5625 447 5625 876 5625 939 5625
25 86 625 114 625 256 625 396 625 516 625 570 625 776 625
50 202 2500 233 2500 257 2500 421 2500
50 847 2500 930 2500 949 2500 986 2500
25 32 625 225 625 226 625 242 625 346 625 512 625 527 625
25 56 625 81 625 181 625 201 625 264 625 311 625 502 625 609 625 649 625 693 625 953 625
75 323 5625 578 5625
75 180 5625 285 5625 305 5625 440 5625 536 5625 548 5625 597 5625 602 5625 611 5625 815 5625 824 5625 915 5625 916 5625
25 308 625 343 625 479 625 540 625 547 625 559 625 762 625 808 625
25 125 625 291 625 301 625 329 625 469 625 782 625
75 322 5625 451 5625 640 5625 744 5625 763 5625 845 5625 857 5625
25 61 625 201 625 207 625 811 625
25 835 625
25 197 625 948 625
75 2 5625 208 5625 508 5625 751 5625 759 5625 894 5625 955 5625 966 5625
25 528 625 657 625 810 625
25 132 625 394 625 735 625 895 625
25 556 625 569 625 650 625 780 625 790 625 936 625
75 106 5625 285 5625 597 5625 639 5625 892 5625 904 5625
75 199 5625 292 5625 305 5625 320 5625 440 5625 536 5625 548 5625 553 5625 602 5625 611 5625 673 5625 904 5625 962 5625
25 54 625 84 625 173 625 184 625 417 625 596 625 696 625 758 625
25 802 625 881 625
75 154 5625 205 5625 209 3750 293 5625 330 5625 403 5625 492 5625 671 5625 812 5625 878 5625 958 5625
25 54 625 596 625 696 625
75 
75 66 5625 133 5625 248 5625 347 5625 581 5625 846 5625 861 5625 959 5625
75 298 5625 336 5625 438 5625 619 5625
25 28 625 55 625 211 625 518 625 615 625 795 625
75 167 5625 406 5625
25 737 625 757 625 940 625 952 625 961 625
75 36 5625 151 5625 369 5625 384 5625 468 5625 499 5625 677 5625 750 5625 761 5625 974 5625
25 17 625 48 625 49 625 282 625 444 625 643 625 791 625 834 625
25 113 625 210 625 453 625 589 625 683 625 721 625
50 99 2500 122 2500 324 2500 487 2500 847 2500 880 2500 900 2500
75 95 5625 646 5625 700 5625
50 14 2500 155 2500 266 2500 401 2500 413 3750 488 2500 865 2500 941 2500
25 550 625 554 625 584 625 616 1250 789 1250 807 625
25 201 625 259 625 987 625
50 179 2500 260 2500 302 2500
25 88 625 230 625 301 625 556 625 569 625 589 625 650 625 782 625 790 625 874 625 914 625
75 163 5625 253 5625 335 5625 818 5625 863 5625 873 5625
25 318 625 610 625
75 5 5625 95 5625 700 5625 876 5625 897 5625
25 128 625 355 625 450 625 455 625 694 625 737 625 926 625 952 625 961 625
50 14 2500 116 3750 155 2500 266 2500 328 3750 401 2500 413 3750 869 3750 932 2500
25 50 625 246 625 363 625 418 625 545 625 860 625 968 625
25 460 625 593 625 832 625 893 625
25 38 625 86 625 256 625 389 625 408 625 643 625
75 105 5625 137 5625 176 5625 278 5625 348 5625
75 360 5625 423 5625 821 5625 872 5625
25 426 625
25 82 625 408 625 501 625 634 625 740 625 910 625 987 625
50 402 2500 566 2500 900 2500 986 2500
25 41 625 544 625
75 25 5625 30 5625 575 5625 759 5625 799 5625 955 5625
25 96 625 128 625 295 625 450 625 455 625 665 1250 757 625 926 625 940 625 961 625
25 56 625 142 625 181 625 311 625 358 625 502 625 649 625 693 625 902 625
50 102 2500 209 2500 243 2500 302 2500 379 2500 414 2500 434 2500 474 2500
75 508 5625 759 5625 911 5625 951 5625
25 281 625 343 625 560 625 808 625
50 183 2500 411 2500 506 2500 535 2500 627 2500 645 2500
75 205 5625 654 5625 671 5625 878 5625 919 5625
75 133 5625 347 5625 427 5625 563 5625 704 5625 861 5625 922 5625 1000 5625
50 73 2500 194 2500 422 2500 613 2500
25 297 625 350 625 355 625 547 625 549 625 564 1875 601 625 694 625 737 625 757 625 926 625 940 625 952 625
75 199 5625 292 5625 320 5625 536 5625 553 5625 602 5625 916 5625
75 29 5625 249 5625 397 5625 409 5625 866 5625 891 5625 981 5625
75 658 5625 712 5625 754 5625 875 5625
25 77 625 218 1250 290 625 357 1250 826 1250 833 625 969 625
75 2 5625 87 5625 208 5625 638 5625 911 5625
75 59 5625 157 5625 368 5625 433 5625 472 5625
25 50 625 246 625 247 625 363 625 418 625 545 625 681 625 942 625
25 77 625 672 625 780 625 874 625 965 625
25 88 625 129 1250 230 625 311 625 618 625 792 1250 807 625 980 625 988 1250
50 33 3750 58 2500 72 2500 216 2500 313 2500 416 2500 489 2500 562 3750 665 2500 719 3750 747 2500 858 2500 982 2500 988 2500
25 237 625 498 625 666 625 816 625 855 625
25 190 625 312 625 395 625 623 625
75 36 5625 57 3750 151 5625 468 5625 499 5625 927 5625
75 74 5625 101 5625 310 5625 463 5625 531 5625
50 118 3750 473 2500 653 2500 661 3750 707 2500
75 137 5625 153 5625 278 5625 348 5625 366 5625 459 5625 617 5625
25 159 625 296 625 299 625 541 625 709 625 995 625
25 46 625 284 625 344 625 549 625 572 625 587 625 601 625 883 625
25 88 625 129 1250 230 625 434 1250 749 625 792 1250 970 625
75 29 5625 397 5625 409 5625 714 5625 866 5625 963 5625
50 19 2500 72 2500 178 2500 228 2500 434 2500 448 2500 747 2500 971 2500 988 2500
25 217 625 288 625 295 625 417 625 757 625 758 625 788 625 840 625
75 204 5625 859 5625
25 341 625
50 475 2500 612 2500 900 2500 949 2500
25 259 625 408 625 526 625 585 625 634 625 740 625 791 625 934 625 948 625
50 19 2500 129 2500 178 2500 179 2500 228 2500 405 2500 434 2500 562 3750 747 2500 768 2500 970 1250 971 2500 982 2500
50 37 2500 99 2500 165 2500 530 2500 668 2500 732 2500 867 2500
75 65 5625 425 5625 490 5625
25 373 625 501 625 513 625 765 625
25 304 625 308 625 546 625 547 625 559 625 598 625 890 625
25 150 625 994 625
25 485 625 558 625 600 625 895 625 993 625
25 159 625 169 625 296 625 978 625
50 391 2500 473 2500 620 2500 647 2500 748 2500 848 2500
25 225 625 242 625 268 625 837 625
75 196 5625
75 385 5625 669 5625
75 133 5625 141 5625 152 5625 167 5625 172 5625 361 5625 492 5625 563 5625 581 5625 631 5625 698 5625 861 5625 959 5625